Season,team,Games_L,Games_W,PointsScored_L,PointsScored_W,PointsAllowed_L,PointsAllowed_W,Margin_L,Margin_W
1985,1102,19,5,1159,355,1348,305,-189,50
1985,1103,14,9,772,632,910,564,-138,68
1985,1104,9,21,541,1514,584,1237,-43,277
1985,1106,14,10,968,751,1154,656,-186,95
1985,1108,6,19,444,1631,508,1368,-64,263
1985,1109,23,1,1238,54,1938,53,-700,1
1985,1110,18,7,1186,550,1442,488,-256,62
1985,1111,14,10,903,708,1044,634,-141,74
1985,1112,9,18,531,1265,562,1040,-31,225
1985,1113,16,11,1004,824,1193,745,-189,79
1985,1114,13,17,851,1306,980,1113,-129,193
1985,1116,12,21,708,1448,805,1231,-97,217
1985,1117,14,11,874,727,1030,643,-156,84
1985,1119,13,15,817,1039,917,950,-100,89
1985,1120,11,18,732,1308,838,1095,-106,213
1985,1121,19,7,1115,548,1480,495,-365,53
1985,1122,17,6,1081,387,1304,361,-223,26
1985,1123,16,13,1132,1093,1271,906,-139,187
1985,1124,17,7,1246,637,1449,544,-203,93
1985,1126,19,6,1259,419,1598,399,-339,20
1985,1129,13,12,833,845,947,696,-114,149
1985,1130,10,16,647,1300,709,1101,-62,199
1985,1131,14,14,919,997,1044,818,-125,179
1985,1132,15,11,961,791,1106,712,-145,79
1985,1133,12,16,806,1163,906,1020,-100,143
1985,1134,13,11,809,842,958,710,-149,132
1985,1135,18,8,1160,576,1293,518,-133,58
1985,1137,10,15,676,1099,767,951,-91,148
1985,1139,8,16,519,1117,610,1001,-91,116
1985,1140,14,15,1056,1119,1169,990,-113,129
1985,1141,18,6,1218,445,1401,407,-183,38
1985,1143,15,10,882,616,1049,505,-167,111
1985,1144,21,2,1249,126,1562,118,-313,8
1985,1145,9,18,547,1384,624,1089,-77,295
1985,1147,20,4,1210,319,1520,286,-310,33
1985,1149,13,10,794,728,944,648,-150,80
1985,1150,21,4,1385,299,1687,264,-302,35
1985,1151,7,19,429,1382,514,1186,-85,196
1985,1152,11,14,766,1046,871,889,-105,157
1985,1153,13,14,805,918,995,818,-190,100
1985,1154,10,15,723,1162,849,1031,-126,131
1985,1155,12,15,797,1214,933,1005,-136,209
1985,1156,8,18,622,1446,679,1217,-57,229
1985,1159,21,1,966,60,1225,52,-259,8
1985,1160,17,8,1136,636,1370,576,-234,60
1985,1161,12,16,729,1186,849,1019,-120,167
1985,1162,13,12,719,769,863,670,-144,99
1985,1163,15,13,967,1024,1128,865,-161,159
1985,1165,12,12,706,767,813,605,-107,162
1985,1166,12,13,787,1015,956,898,-169,117
1985,1168,13,16,840,1162,957,1013,-117,149
1985,1171,20,5,1219,342,1514,306,-295,36
1985,1172,19,8,1187,610,1338,543,-151,67
1985,1173,9,19,603,1344,676,1133,-73,211
1985,1174,14,11,934,776,1125,704,-191,72
1985,1175,15,10,938,781,1132,680,-194,101
1985,1177,9,18,595,1340,656,1072,-61,268
1985,1178,12,15,857,1133,975,1008,-118,125
1985,1179,15,9,912,653,1093,550,-181,103
1985,1180,18,10,1120,755,1340,682,-220,73
1985,1181,7,22,505,1793,562,1407,-57,386
1985,1182,18,9,1116,599,1378,542,-262,57
1985,1183,10,17,715,1297,761,1141,-46,156
1985,1184,13,12,776,829,901,716,-125,113
1985,1185,13,14,928,1102,1001,1005,-73,97
1985,1186,15,8,869,616,1113,541,-244,75
1985,1187,21,4,1313,281,1589,244,-276,37
1985,1190,18,8,1111,610,1344,564,-233,46
1985,1191,16,11,1090,820,1252,756,-162,64
1985,1192,9,19,537,1364,604,1208,-67,156
1985,1193,17,10,1227,774,1409,716,-182,58
1985,1196,11,17,688,1339,795,1121,-107,218
1985,1197,16,8,1045,712,1254,625,-209,87
1985,1199,16,10,1099,839,1208,706,-109,133
1985,1200,11,19,653,1365,717,1195,-64,170
1985,1201,8,20,454,1211,507,1024,-53,187
1985,1202,21,5,1277,332,1498,296,-221,36
1985,1203,14,13,824,1062,942,834,-118,228
1985,1204,5,20,323,1397,354,1139,-31,258
1985,1206,11,17,808,1389,903,1152,-95,237
1985,1207,2,25,128,1917,131,1491,-3,426
1985,1208,8,19,554,1541,603,1238,-49,303
1985,1209,25,1,1645,73,2130,69,-485,4
1985,1210,7,24,444,1754,495,1413,-51,341
1985,1211,13,12,690,734,806,653,-116,81
1985,1212,18,6,1050,422,1369,375,-319,47
1985,1215,17,8,1087,545,1226,489,-139,56
1985,1216,20,6,1287,416,1566,395,-279,21
1985,1217,9,12,513,847,588,758,-75,89
1985,1218,18,10,1213,732,1384,662,-171,70
1985,1220,15,11,1028,857,1185,736,-157,121
1985,1221,19,8,1248,611,1473,553,-225,58
1985,1222,13,13,936,1072,1038,955,-102,117
1985,1223,8,17,473,1235,535,1058,-62,177
1985,1224,10,16,603,1126,681,958,-78,168
1985,1225,21,5,1451,394,1696,329,-245,65
1985,1226,18,10,1208,871,1413,722,-205,149
1985,1227,13,13,884,940,1088,837,-204,103
1985,1228,8,23,431,1684,493,1285,-62,399
1985,1229,7,20,449,1484,515,1257,-66,227
1985,1231,13,15,779,1186,910,929,-131,257
1985,1232,15,11,1074,912,1219,827,-145,85
1985,1233,4,25,291,1868,327,1619,-36,249
1985,1234,10,20,567,1525,622,1156,-55,369
1985,1235,12,17,815,1271,926,1051,-111,220
1985,1238,16,8,986,614,1195,550,-209,64
1985,1239,14,13,872,983,989,817,-117,166
1985,1241,14,12,800,814,928,731,-128,83
1985,1242,7,23,472,1809,534,1578,-62,231
1985,1243,14,12,877,902,1024,735,-147,167
1985,1245,12,16,783,1240,878,1107,-95,133
1985,1246,12,16,755,1082,849,922,-94,160
1985,1247,13,15,891,1169,1050,1046,-159,123
1985,1248,13,13,808,830,939,726,-131,104
1985,1249,11,19,694,1546,758,1255,-64,291
1985,1250,18,11,1085,822,1280,756,-195,66
1985,1253,23,2,1457,144,1739,138,-282,6
1985,1254,13,11,928,848,1031,764,-103,84
1985,1256,2,26,136,2034,156,1659,-20,375
1985,1257,14,14,901,1022,1028,900,-127,122
1985,1258,16,7,1029,503,1206,436,-177,67
1985,1259,13,14,851,1033,984,898,-133,135
1985,1260,5,25,405,2170,466,1906,-61,264
1985,1261,9,19,564,1510,632,1303,-68,207
1985,1263,17,10,1158,692,1386,626,-228,66
1985,1264,20,8,1190,613,1375,544,-185,69
1985,1265,12,16,714,1039,780,868,-66,171
1985,1266,10,18,584,1257,674,992,-90,265
1985,1267,12,19,811,1484,873,1265,-62,219
1985,1268,11,22,694,1678,755,1424,-61,254
1985,1269,15,12,890,864,1029,781,-139,83
1985,1270,10,14,692,1105,790,963,-98,142
1985,1271,23,2,1334,148,1802,133,-468,15
1985,1272,3,26,195,1984,206,1670,-11,314
1985,1273,8,20,542,1671,583,1406,-41,265
1985,1275,10,18,690,1350,764,1152,-74,198
1985,1276,3,25,197,2036,232,1703,-35,333
1985,1277,9,19,638,1389,707,1144,-69,245
1985,1278,15,13,947,907,1138,805,-191,102
1985,1279,17,8,959,496,1207,462,-248,34
1985,1280,15,11,876,793,1019,659,-143,134
1985,1281,13,16,892,1165,1045,989,-153,176
1985,1283,13,13,777,1029,893,870,-116,159
1985,1284,15,9,1024,658,1174,605,-150,53
1985,1285,7,18,458,1282,510,1088,-52,194
1985,1286,16,9,1015,721,1176,603,-161,118
1985,1287,20,3,1179,233,1473,220,-294,13
1985,1288,24,2,1639,160,2262,141,-623,19
1985,1290,11,11,844,895,947,678,-103,217
1985,1292,13,13,871,877,963,782,-92,95
1985,1293,8,16,456,1131,482,948,-26,183
1985,1296,16,9,973,711,1183,642,-210,69
1985,1298,5,23,348,1842,377,1508,-29,334
1985,1299,8,16,501,1202,629,990,-128,212
1985,1301,9,20,577,1569,657,1236,-80,333
1985,1304,13,12,844,910,949,774,-105,136
1985,1305,9,19,623,1562,712,1383,-89,179
1985,1306,22,7,1291,410,1532,379,-241,31
1985,1307,12,17,794,1226,897,1036,-103,190
1985,1308,20,7,1334,533,1570,491,-236,42
1985,1309,19,10,1162,748,1401,656,-239,92
1985,1310,12,15,751,1130,886,991,-135,139
1985,1311,8,15,534,1124,563,977,-29,147
1985,1314,8,23,539,1778,585,1495,-46,283
1985,1317,22,4,1357,283,1737,271,-380,12
1985,1318,8,20,579,1580,612,1329,-33,251
1985,1319,12,14,767,1008,909,909,-142,99
1985,1320,16,8,980,550,1150,502,-170,48
1985,1321,22,4,1174,259,1495,226,-321,33
1985,1322,23,1,1524,72,1887,62,-363,10
1985,1323,8,20,542,1414,592,1152,-50,262
1985,1325,7,20,475,1349,528,1173,-53,176
1985,1326,9,19,664,1514,728,1319,-64,195
1985,1327,19,3,1229,213,1479,181,-250,32
1985,1328,5,25,375,2320,425,1871,-50,449
1985,1329,15,11,1096,830,1240,704,-144,126
1985,1330,11,18,762,1364,873,1196,-111,168
1985,1331,15,14,1076,1081,1188,933,-112,148
1985,1332,16,13,929,861,1046,778,-117,83
1985,1333,8,21,453,1342,524,1136,-71,206
1985,1334,19,7,1128,518,1413,470,-285,48
1985,1335,13,13,823,954,920,829,-97,125
1985,1336,19,5,1175,351,1404,320,-229,31
1985,1337,7,20,535,1508,583,1314,-48,194
1985,1338,11,15,697,1129,825,934,-128,195
1985,1339,14,10,829,645,973,596,-144,49
1985,1341,21,5,1367,404,1663,369,-296,35
1985,1343,15,9,685,577,844,511,-159,66
1985,1344,19,10,1166,724,1424,665,-258,59
1985,1345,8,17,537,1191,655,978,-118,213
1985,1347,12,14,692,1039,834,868,-142,171
1985,1348,20,6,1208,421,1430,389,-222,32
1985,1349,16,8,1003,515,1173,492,-170,23
1985,1350,10,19,589,1416,680,1131,-91,285
1985,1351,15,11,988,804,1186,714,-198,90
1985,1352,19,7,1202,499,1423,447,-221,52
1985,1353,14,16,936,1254,1076,1067,-140,187
1985,1354,15,9,952,685,1142,581,-190,104
1985,1356,14,12,949,943,1064,824,-115,119
1985,1359,11,15,744,1215,856,1021,-112,194
1985,1360,11,12,621,774,720,696,-99,78
1985,1361,7,23,512,1911,554,1611,-42,300
1985,1363,13,14,796,1087,899,919,-103,168
1985,1364,16,10,1000,760,1164,668,-164,92
1985,1365,8,16,523,1207,589,994,-66,213
1985,1368,8,15,521,1143,590,1009,-69,134
1985,1371,18,7,1249,544,1424,488,-175,56
1985,1373,7,20,447,1465,524,1222,-77,243
1985,1374,8,22,546,1733,587,1432,-41,301
1985,1375,13,14,902,1152,992,927,-90,225
1985,1376,13,13,871,1037,1091,838,-220,199
1985,1378,11,17,685,1227,749,1020,-64,207
1985,1379,20,5,1320,365,1516,312,-196,53
1985,1380,10,18,734,1640,800,1375,-66,265
1985,1382,15,12,866,872,1030,723,-164,149
1985,1383,21,3,1184,174,1436,156,-252,18
1985,1384,18,8,1314,662,1528,606,-214,56
1985,1385,3,27,208,2076,239,1693,-31,383
1985,1386,11,18,645,1234,783,990,-138,244
1985,1387,15,10,876,701,1028,576,-152,125
1985,1388,12,11,690,811,780,681,-90,130
1985,1389,14,14,804,979,915,841,-111,138
1985,1390,17,7,1067,493,1261,415,-194,78
1985,1391,14,10,864,709,1099,627,-235,82
1985,1393,8,21,564,1576,624,1345,-60,231
1985,1395,12,13,763,907,830,793,-67,114
1985,1396,5,24,304,1599,327,1345,-23,254
1985,1397,14,18,930,1463,1090,1231,-160,232
1985,1398,19,7,1204,477,1418,416,-214,61
1985,1399,8,15,562,1043,628,903,-66,140
1985,1400,13,12,774,836,882,734,-108,102
1985,1401,9,17,558,1220,610,1061,-52,159
1985,1402,19,6,1191,393,1515,336,-324,57
1985,1403,7,22,408,1596,443,1382,-35,214
1985,1405,12,15,771,1102,851,978,-80,124
1985,1406,20,5,1259,368,1495,351,-236,17
1985,1408,13,14,721,955,825,817,-104,138
1985,1409,7,22,520,1807,550,1548,-30,259
1985,1410,16,8,1030,555,1190,463,-160,92
1985,1411,16,10,1110,731,1227,616,-117,115
1985,1412,8,22,494,1487,541,1310,-47,177
1985,1414,17,11,1243,914,1397,835,-154,79
1985,1416,17,9,1006,577,1300,528,-294,49
1985,1417,12,15,768,1086,867,881,-99,205
1985,1418,13,14,886,1125,1006,861,-120,264
1985,1419,12,15,846,1119,935,932,-89,187
1985,1423,16,9,1024,607,1225,512,-201,95
1985,1424,3,27,187,2293,242,1935,-55,358
1985,1425,9,19,529,1386,602,1207,-73,179
1985,1426,16,9,1114,692,1377,633,-263,59
1985,1427,9,16,625,1256,686,1089,-61,167
1985,1428,16,14,1119,1013,1251,928,-132,85
1985,1429,11,16,863,1402,1007,1244,-144,158
1985,1431,9,20,599,1535,650,1266,-51,269
1985,1432,12,11,704,756,808,638,-104,118
1985,1433,5,25,313,1860,340,1537,-27,323
1985,1434,19,5,1159,356,1466,312,-307,44
1985,1435,17,11,1123,850,1290,737,-167,113
1985,1436,19,6,1091,371,1418,330,-327,41
1985,1437,10,19,657,1416,735,1202,-78,214
1985,1438,15,13,863,827,964,733,-101,94
1985,1439,8,19,579,1612,639,1229,-60,383
1985,1440,14,12,831,709,936,658,-105,51
1985,1441,14,11,968,834,1099,702,-131,132
1985,1442,13,11,799,833,956,737,-157,96
1985,1443,14,13,882,1007,1007,776,-125,231
1985,1444,16,9,1118,744,1317,646,-199,98
1985,1446,17,7,1168,506,1365,457,-197,49
1985,1447,16,8,1087,673,1253,619,-166,54
1985,1448,13,14,863,1080,970,880,-107,200
1985,1449,9,22,510,1509,592,1224,-82,285
1985,1450,15,11,887,769,1053,685,-166,84
1985,1451,9,17,592,1444,659,1158,-67,286
1985,1452,8,18,497,1287,565,1112,-68,175
1985,1453,22,2,1309,129,1528,114,-219,15
1985,1455,12,17,805,1431,881,1203,-76,228
1985,1456,12,15,723,1054,865,919,-142,135
1985,1458,14,12,904,879,1103,780,-199,99
1985,1461,14,12,830,823,960,744,-130,79
1985,1462,13,15,856,1153,955,1010,-99,143
1985,1463,12,11,804,746,975,695,-171,51
1985,1464,11,16,694,1166,806,1012,-112,154
1986,1102,19,6,1065,399,1281,361,-216,38
1986,1103,7,18,490,1335,562,1157,-72,178
1986,1104,8,22,529,1728,602,1417,-73,311
1986,1106,16,8,1206,686,1381,637,-175,49
1986,1108,11,14,761,1132,899,973,-138,159
1986,1109,19,5,1713,456,2082,395,-369,61
1986,1110,18,7,1148,537,1387,493,-239,44
1986,1111,12,13,708,853,867,793,-159,60
1986,1112,8,21,496,1476,531,1263,-35,213
1986,1113,14,11,915,798,1066,731,-151,67
1986,1114,9,21,660,1738,727,1463,-67,275
1986,1116,16,12,1079,876,1207,776,-128,100
1986,1117,11,14,690,1022,812,890,-122,132
1986,1119,18,8,1028,534,1223,482,-195,52
1986,1120,10,17,625,1309,685,1112,-60,197
1986,1121,17,8,1049,586,1229,521,-180,65
1986,1122,14,12,926,870,1104,786,-178,84
1986,1123,9,20,587,1539,682,1351,-95,188
1986,1124,16,7,870,420,1058,373,-188,47
1986,1126,22,7,1474,526,1795,495,-321,31
1986,1129,15,10,894,716,1076,630,-182,86
1986,1130,15,12,1033,923,1197,781,-164,142
1986,1131,9,20,592,1430,682,1201,-90,229
1986,1132,19,7,1244,523,1471,484,-227,39
1986,1133,2,30,134,2145,155,1878,-21,267
1986,1134,21,6,1427,414,1737,378,-310,36
1986,1135,10,14,671,1088,805,958,-134,130
1986,1137,12,13,750,950,918,844,-168,106
1986,1139,19,5,1192,363,1426,300,-234,63
1986,1140,13,16,859,1241,944,1095,-85,146
1986,1141,17,8,1058,568,1235,498,-177,70
1986,1143,9,17,528,1215,609,1054,-81,161
1986,1144,18,5,972,362,1197,320,-225,42
1986,1145,8,19,484,1273,578,1077,-94,196
1986,1147,17,10,1188,749,1359,701,-171,48
1986,1149,9,15,619,1144,726,973,-107,171
1986,1150,20,5,1327,375,1546,349,-219,26
1986,1151,9,18,555,1333,657,1184,-102,149
1986,1152,6,18,381,1440,460,1212,-79,228
1986,1153,16,10,1009,764,1186,706,-177,58
1986,1154,16,8,1095,623,1287,573,-192,50
1986,1155,14,17,946,1367,1076,1010,-130,357
1986,1156,3,24,241,2144,269,1639,-28,505
1986,1159,22,,1043,,1285,,-242,
1986,1160,20,6,1373,487,1694,410,-321,77
1986,1161,18,8,1044,585,1227,499,-183,86
1986,1162,14,10,897,662,988,531,-91,131
1986,1163,16,11,995,822,1154,718,-159,104
1986,1164,17,8,1014,545,1238,497,-224,48
1986,1165,12,13,729,822,837,686,-108,136
1986,1166,16,9,868,589,1080,497,-212,92
1986,1168,15,14,928,1051,1045,909,-117,142
1986,1171,14,8,808,542,965,480,-157,62
1986,1172,10,16,623,1150,695,959,-72,191
1986,1173,12,17,786,1281,884,1073,-98,208
1986,1174,15,8,1124,560,1273,502,-149,58
1986,1175,17,10,1041,743,1176,666,-135,77
1986,1177,12,16,737,1203,877,961,-140,242
1986,1178,15,11,901,802,1051,710,-150,92
1986,1179,10,16,604,1077,699,955,-95,122
1986,1180,10,16,633,1317,714,1186,-81,131
1986,1181,2,32,172,2560,182,2110,-10,450
1986,1182,14,14,930,1040,1047,898,-117,142
1986,1183,13,15,931,1118,1065,966,-134,152
1986,1184,18,6,1101,444,1281,355,-180,89
1986,1185,18,8,1180,633,1394,541,-214,92
1986,1186,8,16,492,1172,561,1025,-69,147
1986,1187,16,8,950,494,1170,448,-220,46
1986,1190,16,11,1159,861,1308,763,-149,98
1986,1191,19,7,1141,483,1343,415,-202,68
1986,1192,8,18,505,1406,591,1176,-86,230
1986,1193,6,23,373,1529,439,1349,-66,180
1986,1196,12,16,788,1196,880,990,-92,206
1986,1197,16,9,1095,779,1294,662,-199,117
1986,1199,17,9,1251,728,1489,648,-238,80
1986,1200,16,13,916,873,1088,717,-172,156
1986,1201,15,13,783,805,940,726,-157,79
1986,1202,17,6,1009,452,1201,422,-192,30
1986,1203,16,9,1033,692,1234,612,-201,80
1986,1204,13,11,778,758,841,653,-63,105
1986,1206,11,18,743,1303,835,1095,-92,208
1986,1207,7,20,496,1591,526,1244,-30,347
1986,1208,12,16,846,1330,940,1065,-94,265
1986,1209,17,7,1264,535,1539,514,-275,21
1986,1210,6,24,381,1855,414,1504,-33,351
1986,1211,12,12,728,865,857,720,-129,145
1986,1212,12,10,685,670,908,596,-223,74
1986,1215,12,12,812,887,888,772,-76,115
1986,1216,16,12,960,788,1103,667,-143,121
1986,1217,18,4,1028,256,1322,227,-294,29
1986,1218,23,4,1465,327,1779,314,-314,13
1986,1220,11,17,781,1241,889,1109,-108,132
1986,1221,17,12,1125,943,1370,823,-245,120
1986,1222,14,11,985,914,1106,792,-121,122
1986,1223,14,10,811,760,972,690,-161,70
1986,1224,9,17,580,1197,649,1011,-69,186
1986,1225,18,8,1135,601,1355,549,-220,52
1986,1226,12,12,699,821,817,736,-118,85
1986,1227,16,11,1149,883,1375,787,-226,96
1986,1228,9,20,539,1584,565,1242,-26,342
1986,1229,14,14,811,902,931,775,-120,127
1986,1231,7,21,453,1681,527,1392,-74,289
1986,1232,17,9,985,546,1093,464,-108,82
1986,1233,15,14,982,931,1195,797,-213,134
1986,1234,11,16,718,1262,797,995,-79,267
1986,1235,10,17,671,1354,775,1138,-104,216
1986,1238,15,13,963,1006,1094,863,-131,143
1986,1239,9,19,554,1326,619,1119,-65,207
1986,1241,23,5,1364,357,1604,297,-240,60
1986,1242,3,30,240,2436,252,2000,-12,436
1986,1243,14,11,935,798,1072,651,-137,147
1986,1245,16,10,1004,719,1178,627,-174,92
1986,1246,3,28,175,2133,197,1715,-22,418
1986,1247,14,14,859,1144,988,902,-129,242
1986,1248,15,12,889,901,1074,763,-185,138
1986,1249,11,16,657,1246,783,1056,-126,190
1986,1250,15,10,1022,788,1122,694,-100,94
1986,1253,22,6,1442,393,1722,339,-280,54
1986,1254,19,6,1301,477,1538,448,-237,29
1986,1256,12,16,715,1203,805,1052,-90,151
1986,1257,7,26,507,2073,542,1710,-35,363
1986,1258,10,15,717,1213,826,1035,-109,178
1986,1259,11,15,737,1206,826,1072,-89,134
1986,1260,16,13,1164,1039,1310,917,-146,122
1986,1261,11,18,738,1419,824,1189,-86,230
1986,1263,19,7,1175,455,1415,409,-240,46
1986,1264,26,2,1588,173,2275,157,-687,16
1986,1265,11,17,694,1180,790,1016,-96,164
1986,1266,10,18,675,1365,724,1109,-49,256
1986,1267,10,17,722,1307,804,1148,-82,159
1986,1268,13,16,826,1197,923,974,-97,223
1986,1269,19,8,1104,558,1366,509,-262,49
1986,1270,10,17,641,1269,727,1111,-86,158
1986,1271,23,5,1340,369,1747,336,-407,33
1986,1272,5,26,366,2166,383,1712,-17,454
1986,1273,14,13,860,925,1014,796,-154,129
1986,1274,14,14,918,1088,1184,947,-266,141
1986,1275,6,22,429,1701,471,1440,-42,261
1986,1276,4,25,280,1958,321,1538,-41,420
1986,1277,7,21,539,1799,597,1379,-58,420
1986,1278,15,11,936,835,1120,718,-184,117
1986,1279,17,9,1077,616,1259,539,-182,77
1986,1280,21,7,1273,448,1482,396,-209,52
1986,1281,12,19,819,1474,961,1201,-142,273
1986,1283,7,18,449,1244,492,1049,-43,195
1986,1284,19,7,1282,493,1521,446,-239,47
1986,1285,10,18,665,1394,750,1180,-85,214
1986,1286,15,12,1118,992,1245,865,-127,127
1986,1287,19,4,1184,311,1414,283,-230,28
1986,1288,20,7,1112,502,1492,451,-380,51
1986,1290,8,18,518,1370,586,1167,-68,203
1986,1292,9,18,630,1522,689,1305,-59,217
1986,1293,12,13,770,949,956,843,-186,106
1986,1296,12,12,833,873,945,789,-112,84
1986,1298,4,25,250,1957,305,1510,-55,447
1986,1299,7,18,415,1169,461,970,-46,199
1986,1301,12,16,762,1204,851,918,-89,286
1986,1304,10,17,647,1249,767,1047,-120,202
1986,1305,15,11,1009,838,1198,747,-189,91
1986,1306,17,11,1023,714,1204,662,-181,52
1986,1307,13,17,770,1255,873,1039,-103,216
1986,1308,12,14,760,1001,867,858,-107,143
1986,1309,12,14,790,1115,907,894,-117,221
1986,1310,14,14,910,1071,1122,914,-212,157
1986,1311,12,8,774,577,924,512,-150,65
1986,1314,5,26,359,2346,406,1715,-47,631
1986,1317,18,8,1140,570,1343,509,-203,61
1986,1318,4,25,252,1902,296,1584,-44,318
1986,1319,9,15,596,1106,677,921,-81,185
1986,1320,18,5,1215,383,1435,307,-220,76
1986,1321,20,4,1164,283,1564,261,-400,22
1986,1322,13,10,751,717,916,627,-165,90
1986,1323,5,22,343,1782,377,1363,-34,419
1986,1325,7,20,502,1559,604,1338,-102,221
1986,1326,14,14,985,1130,1088,974,-103,156
1986,1328,8,22,632,1969,677,1624,-45,345
1986,1329,12,12,776,926,923,807,-147,119
1986,1330,7,20,444,1346,527,1121,-83,225
1986,1331,18,9,1120,720,1309,569,-189,151
1986,1332,16,11,991,849,1115,663,-124,186
1986,1333,15,12,864,780,988,670,-124,110
1986,1334,13,15,857,1011,986,891,-129,120
1986,1335,11,15,626,1145,745,1008,-119,137
1986,1336,17,10,948,674,1189,559,-241,115
1986,1337,4,24,238,1953,294,1614,-56,339
1986,1338,13,13,877,1095,981,859,-104,236
1986,1339,15,10,838,632,995,550,-157,82
1986,1341,24,4,1481,329,1838,280,-357,49
1986,1343,13,12,640,736,760,619,-120,117
1986,1344,13,14,919,1219,1067,1029,-148,190
1986,1345,9,20,610,1593,687,1321,-77,272
1986,1347,15,9,904,632,1087,552,-183,80
1986,1348,19,7,1215,485,1408,425,-193,60
1986,1349,19,5,1064,301,1264,287,-200,14
1986,1350,6,23,382,1544,432,1280,-50,264
1986,1351,18,6,1192,445,1452,382,-260,63
1986,1352,17,9,1066,626,1257,527,-191,99
1986,1353,21,8,1239,585,1556,516,-317,69
1986,1354,18,9,1164,656,1343,603,-179,53
1986,1356,20,6,1178,411,1468,383,-290,28
1986,1359,13,12,821,884,984,817,-163,67
1986,1360,9,17,537,1275,602,996,-65,279
1986,1361,19,10,1377,790,1542,681,-165,109
1986,1362,21,3,1243,242,1524,227,-281,15
1986,1363,12,14,726,968,807,846,-81,122
1986,1364,15,10,1033,740,1165,669,-132,71
1986,1365,15,9,902,636,1071,551,-169,85
1986,1368,15,9,980,706,1155,629,-175,77
1986,1371,18,10,1171,790,1391,655,-220,135
1986,1373,7,20,460,1448,559,1247,-99,201
1986,1374,10,18,569,1261,682,1043,-113,218
1986,1375,16,13,949,882,1087,784,-138,98
1986,1376,16,12,1086,985,1285,769,-199,216
1986,1378,14,13,717,896,858,777,-141,119
1986,1379,11,13,753,1068,863,994,-110,74
1986,1380,8,19,566,1445,623,1171,-57,274
1986,1382,13,12,863,906,1009,823,-146,83
1986,1383,18,6,1104,400,1310,363,-206,37
1986,1384,18,9,1286,703,1555,669,-269,34
1986,1385,4,30,283,2345,299,1928,-16,417
1986,1386,5,25,287,1804,359,1514,-72,290
1986,1387,12,15,729,1055,844,885,-115,170
1986,1388,17,6,1077,482,1329,455,-252,27
1986,1389,12,15,572,976,673,805,-101,171
1986,1390,16,11,1070,857,1238,738,-168,119
1986,1391,18,9,1117,704,1365,596,-248,108
1986,1393,5,24,372,2026,397,1570,-25,456
1986,1395,8,18,501,1249,534,990,-33,259
1986,1396,5,24,314,1678,350,1332,-36,346
1986,1397,16,12,972,908,1156,749,-184,159
1986,1398,14,12,840,800,1080,710,-240,90
1986,1399,15,11,974,768,1143,665,-169,103
1986,1400,11,16,675,1043,760,880,-85,163
1986,1401,11,19,679,1367,798,1161,-119,206
1986,1402,18,6,1153,441,1427,393,-274,48
1986,1403,13,16,759,1040,882,949,-123,91
1986,1405,16,11,1007,879,1217,800,-210,79
1986,1406,20,8,1194,635,1432,550,-238,85
1986,1409,8,21,465,1418,503,1166,-38,252
1986,1410,8,16,518,1159,571,928,-53,231
1986,1411,17,8,1104,589,1401,524,-297,65
1986,1412,10,22,620,1554,673,1244,-53,310
1986,1414,12,16,826,1398,964,1228,-138,170
1986,1416,20,4,1281,292,1583,260,-302,32
1986,1417,13,15,860,1240,1042,1037,-182,203
1986,1418,13,14,840,1028,962,871,-122,157
1986,1419,9,19,617,1392,679,1138,-62,254
1986,1423,13,13,846,979,993,762,-147,217
1986,1424,4,31,313,2467,339,2066,-26,401
1986,1425,17,11,1113,831,1276,711,-163,120
1986,1426,16,9,1112,679,1271,618,-159,61
1986,1427,23,4,1418,325,1739,286,-321,39
1986,1428,9,19,601,1416,709,1220,-108,196
1986,1429,16,12,1180,971,1381,881,-201,90
1986,1431,5,27,317,1845,355,1548,-38,297
1986,1432,14,9,814,665,1042,605,-228,60
1986,1433,16,12,958,853,1060,746,-102,107
1986,1434,19,5,1094,378,1415,341,-321,37
1986,1435,15,13,1003,945,1184,847,-181,98
1986,1436,19,6,1209,362,1420,323,-211,39
1986,1437,13,21,824,1554,966,1305,-142,249
1986,1438,10,19,631,1412,719,1157,-88,255
1986,1439,8,21,606,1702,682,1448,-76,254
1986,1440,17,7,1170,519,1345,477,-175,42
1986,1441,14,12,947,869,1104,800,-157,69
1986,1442,15,9,956,617,1133,550,-177,67
1986,1443,7,20,427,1408,481,1189,-54,219
1986,1444,16,9,1079,658,1258,583,-179,75
1986,1446,17,7,875,450,1044,410,-169,40
1986,1447,12,13,823,1136,946,1024,-123,112
1986,1448,21,7,1199,478,1471,426,-272,52
1986,1449,11,19,742,1423,840,1227,-98,196
1986,1450,16,15,1067,1058,1197,978,-130,80
1986,1451,11,15,743,1218,843,1052,-100,166
1986,1452,10,21,617,1551,686,1288,-69,263
1986,1453,22,3,1183,176,1506,156,-323,20
1986,1455,14,13,835,881,961,770,-126,111
1986,1456,20,7,1020,460,1327,386,-307,74
1986,1458,16,9,1073,647,1295,587,-222,60
1986,1461,11,18,699,1290,805,1123,-106,167
1986,1462,4,23,269,1847,293,1599,-24,248
1986,1463,11,12,797,849,895,751,-98,98
1986,1464,16,10,1045,691,1211,592,-166,99
1987,1102,15,8,972,661,1160,567,-188,94
1987,1103,8,18,530,1442,584,1213,-54,229
1987,1104,4,26,287,2083,308,1739,-21,344
1987,1106,13,12,1039,1009,1170,896,-131,113
1987,1108,20,5,1340,395,1600,364,-260,31
1987,1109,15,9,1213,761,1449,696,-236,65
1987,1110,14,9,990,689,1164,633,-174,56
1987,1111,21,4,1304,280,1608,250,-304,30
1987,1112,11,17,790,1282,847,1019,-57,263
1987,1113,17,11,1180,836,1352,693,-172,143
1987,1114,9,20,569,1490,662,1344,-93,146
1987,1116,13,18,868,1572,1007,1285,-139,287
1987,1117,12,17,713,1221,803,1034,-90,187
1987,1118,21,6,1348,399,1832,369,-484,30
1987,1119,15,12,905,853,1043,767,-138,86
1987,1120,12,17,893,1432,998,1158,-105,274
1987,1121,18,6,1192,430,1479,397,-287,33
1987,1122,10,16,733,1304,803,1174,-70,130
1987,1123,18,8,1261,661,1439,583,-178,78
1987,1124,12,16,796,1113,901,994,-105,119
1987,1126,19,9,1161,610,1363,523,-202,87
1987,1129,7,18,456,1348,518,1044,-62,304
1987,1130,18,11,1065,801,1242,729,-177,72
1987,1131,12,17,818,1312,943,1062,-125,250
1987,1132,13,14,771,996,979,905,-208,91
1987,1133,12,16,921,1416,999,1208,-78,208
1987,1134,18,8,1190,647,1440,557,-250,90
1987,1135,18,8,1349,681,1630,611,-281,70
1987,1137,8,19,547,1564,648,1420,-101,144
1987,1139,15,11,1045,845,1167,752,-122,93
1987,1140,10,21,763,1802,834,1552,-71,250
1987,1141,7,19,455,1449,521,1205,-66,244
1987,1143,14,17,901,1251,1027,1093,-126,158
1987,1144,13,13,916,993,1024,891,-108,102
1987,1145,12,15,729,1201,888,1005,-159,196
1987,1147,17,6,1258,455,1452,435,-194,20
1987,1148,19,8,1172,605,1406,527,-234,78
1987,1149,8,18,590,1474,623,1229,-33,245
1987,1150,14,13,960,1047,1116,884,-156,163
1987,1151,7,21,515,1565,587,1338,-72,227
1987,1152,17,7,1181,574,1409,514,-228,60
1987,1153,16,10,1013,734,1177,671,-164,63
1987,1154,14,10,986,797,1101,712,-115,85
1987,1155,5,23,400,2002,443,1579,-43,423
1987,1156,7,23,518,1933,559,1626,-41,307
1987,1157,16,10,1041,751,1308,615,-267,136
1987,1159,21,3,1342,196,1659,178,-317,18
1987,1160,19,9,1165,611,1394,537,-229,74
1987,1161,15,11,940,795,1118,729,-178,66
1987,1162,14,9,952,720,1106,641,-154,79
1987,1163,19,9,1135,604,1398,544,-263,60
1987,1164,19,8,1280,625,1563,558,-283,67
1987,1165,11,13,705,1053,840,892,-135,161
1987,1166,19,7,1228,515,1445,469,-217,46
1987,1168,12,15,781,1069,882,894,-101,175
1987,1171,10,13,733,1024,829,936,-96,88
1987,1172,10,16,665,1273,755,1050,-90,223
1987,1173,15,12,967,895,1110,823,-143,72
1987,1174,16,8,1042,623,1248,568,-206,55
1987,1175,21,4,1181,291,1554,274,-373,17
1987,1177,2,26,133,2010,147,1590,-14,420
1987,1178,21,5,1364,338,1677,317,-313,21
1987,1179,14,14,829,986,938,827,-109,159
1987,1180,13,14,993,1134,1144,1044,-151,90
1987,1181,8,21,552,1705,613,1338,-61,367
1987,1182,17,10,1105,749,1341,641,-236,108
1987,1183,18,6,1103,382,1394,336,-291,46
1987,1184,11,16,869,1391,953,1184,-84,207
1987,1185,15,10,1054,815,1188,642,-134,173
1987,1186,20,4,1218,285,1586,258,-368,27
1987,1187,16,10,1004,730,1197,637,-193,93
1987,1190,20,4,1340,274,1681,263,-341,11
1987,1191,12,15,757,1133,888,1019,-131,114
1987,1192,10,15,685,1160,747,981,-62,179
1987,1193,15,14,965,955,1044,864,-79,91
1987,1196,10,21,738,1873,806,1415,-68,458
1987,1197,15,9,1045,754,1180,627,-135,127
1987,1199,10,16,721,1408,798,1208,-77,200
1987,1200,16,13,1178,1040,1289,932,-111,108
1987,1201,20,7,1089,448,1330,415,-241,33
1987,1202,12,13,790,1014,960,869,-170,145
1987,1203,19,8,1364,684,1541,609,-177,75
1987,1204,10,18,658,1289,746,1148,-88,141
1987,1206,13,13,846,956,951,826,-105,130
1987,1207,4,22,262,1695,289,1416,-27,279
1987,1208,11,16,758,1170,845,1010,-87,160
1987,1209,17,7,1331,551,1489,500,-158,51
1987,1210,12,16,737,1235,843,1058,-106,177
1987,1211,10,14,609,1101,682,904,-73,197
1987,1212,13,15,836,1195,1089,1036,-253,159
1987,1215,15,11,1093,896,1245,826,-152,70
1987,1216,14,14,885,938,997,851,-112,87
1987,1217,17,7,1358,614,1500,530,-142,84
1987,1218,21,7,1575,514,1835,467,-260,47
1987,1220,19,9,1308,714,1610,638,-302,76
1987,1221,18,8,1126,537,1328,492,-202,45
1987,1222,10,17,589,1243,637,979,-48,264
1987,1223,11,15,766,1238,831,1067,-65,171
1987,1224,5,24,333,1857,410,1580,-77,277
1987,1225,14,12,867,828,1044,703,-177,125
1987,1226,15,12,889,913,1052,768,-163,145
1987,1227,14,13,1071,1086,1290,940,-219,146
1987,1228,7,23,535,1871,562,1552,-27,319
1987,1229,12,17,784,1273,888,1068,-104,205
1987,1231,4,24,294,1977,324,1616,-30,361
1987,1232,19,6,1142,404,1367,372,-225,32
1987,1233,14,15,949,1136,1112,999,-163,137
1987,1234,4,25,316,2202,344,1782,-28,420
1987,1235,15,12,1048,966,1174,815,-126,151
1987,1238,14,14,850,916,973,796,-123,120
1987,1239,11,18,796,1538,888,1274,-92,264
1987,1241,9,19,637,1477,740,1337,-103,140
1987,1242,10,22,711,1664,765,1415,-54,249
1987,1243,10,16,698,1325,766,1145,-68,180
1987,1245,10,17,671,1318,756,1124,-85,194
1987,1246,10,18,611,1277,733,1120,-122,157
1987,1247,12,16,777,1313,869,1070,-92,243
1987,1248,13,16,911,1261,969,1091,-58,170
1987,1249,14,12,836,863,966,761,-130,102
1987,1250,14,12,980,1013,1100,941,-120,72
1987,1253,19,11,1282,872,1529,781,-247,91
1987,1254,15,10,1066,815,1241,725,-175,90
1987,1256,7,20,471,1430,529,1247,-58,183
1987,1257,14,17,900,1373,1079,1161,-179,212
1987,1258,16,8,1213,746,1429,668,-216,78
1987,1259,13,13,917,1106,1081,986,-164,120
1987,1260,13,16,932,1407,1027,1259,-95,148
1987,1261,14,18,906,1306,1057,1128,-151,178
1987,1263,17,10,1114,729,1446,660,-332,69
1987,1264,20,3,1335,237,1618,220,-283,17
1987,1265,9,20,504,1472,550,1263,-46,209
1987,1266,12,16,799,1238,880,1048,-81,190
1987,1267,5,25,351,2093,370,1822,-19,271
1987,1268,17,9,1140,725,1341,564,-201,161
1987,1269,16,10,967,684,1139,636,-172,48
1987,1270,14,12,899,906,1019,812,-120,94
1987,1271,24,,1596,,2014,,-418,
1987,1272,8,26,554,1995,598,1625,-44,370
1987,1273,16,10,1054,749,1194,663,-140,86
1987,1274,16,12,1061,984,1319,812,-258,172
1987,1275,14,13,876,1014,1061,924,-185,90
1987,1276,11,17,858,1557,950,1279,-92,278
1987,1277,17,11,1187,919,1364,791,-177,128
1987,1278,19,7,1235,541,1517,446,-282,95
1987,1279,13,13,837,984,959,825,-122,159
1987,1280,21,3,1109,189,1395,185,-286,4
1987,1281,9,23,622,1754,691,1521,-69,233
1987,1283,5,23,279,1680,313,1307,-34,373
1987,1284,19,5,1228,342,1461,316,-233,26
1987,1285,11,14,785,1073,915,915,-130,158
1987,1286,7,18,512,1595,592,1379,-80,216
1987,1287,14,10,985,837,1141,683,-156,154
1987,1288,20,8,1219,569,1546,492,-327,77
1987,1290,15,12,1057,1085,1243,996,-186,89
1987,1292,6,19,496,1600,528,1396,-32,204
1987,1293,15,9,981,661,1149,611,-168,50
1987,1296,18,7,1313,552,1565,469,-252,83
1987,1298,5,25,374,1920,417,1544,-43,376
1987,1299,4,21,264,1611,290,1268,-26,343
1987,1301,13,20,920,1662,1050,1420,-130,242
1987,1304,11,15,796,1094,971,993,-175,101
1987,1305,15,14,1155,1147,1316,1061,-161,86
1987,1306,24,4,1535,248,1834,239,-299,9
1987,1307,9,24,623,2027,731,1772,-108,255
1987,1308,14,13,872,974,1015,826,-143,148
1987,1309,3,23,215,1909,227,1542,-12,367
1987,1310,9,19,604,1790,666,1468,-62,322
1987,1311,18,9,1183,669,1366,625,-183,44
1987,1314,3,28,209,2587,217,2072,-8,515
1987,1317,17,8,1275,676,1412,573,-137,103
1987,1318,6,24,501,1961,571,1689,-70,272
1987,1319,16,9,1001,722,1169,623,-168,99
1987,1320,13,11,826,871,994,759,-168,112
1987,1321,20,5,1193,350,1628,305,-435,45
1987,1322,13,11,812,806,935,718,-123,88
1987,1323,7,22,409,1464,455,1244,-46,220
1987,1325,14,12,916,880,1059,801,-143,79
1987,1326,12,18,946,1584,1066,1277,-120,307
1987,1328,9,22,728,2039,766,1704,-38,335
1987,1329,19,7,1242,537,1508,480,-266,57
1987,1330,22,6,1425,414,1671,357,-246,57
1987,1331,17,11,1113,760,1292,670,-179,90
1987,1332,14,15,874,1045,1005,929,-131,116
1987,1333,10,17,602,1230,678,1033,-76,197
1987,1334,17,8,1057,500,1275,450,-218,50
1987,1335,13,13,920,1128,1075,953,-155,175
1987,1336,12,13,781,1004,877,825,-96,179
1987,1337,18,12,1266,953,1459,818,-193,135
1987,1338,7,23,513,1975,577,1634,-64,341
1987,1339,14,11,833,796,1054,663,-221,133
1987,1341,22,6,1366,398,1782,368,-416,30
1987,1343,9,14,534,959,673,847,-139,112
1987,1344,8,21,599,1915,663,1563,-64,352
1987,1345,4,23,293,1908,356,1544,-63,364
1987,1347,14,11,935,839,1085,735,-150,104
1987,1348,9,17,675,1353,756,1172,-81,181
1987,1349,19,5,1092,332,1355,303,-263,29
1987,1350,14,15,859,1097,985,974,-126,123
1987,1351,15,9,1113,781,1297,691,-184,90
1987,1352,14,10,874,666,1012,595,-138,71
1987,1353,20,8,1322,646,1593,567,-271,79
1987,1354,15,13,975,920,1150,831,-175,89
1987,1356,17,9,1222,721,1406,645,-184,76
1987,1358,12,14,796,1085,930,960,-134,125
1987,1359,22,2,1459,152,1743,132,-284,20
1987,1360,5,23,311,1658,350,1370,-39,288
1987,1361,25,4,1810,337,2106,310,-296,27
1987,1362,12,12,759,949,910,833,-151,116
1987,1363,13,16,836,1119,949,963,-113,156
1987,1364,13,15,902,1145,986,963,-84,182
1987,1365,13,15,807,1080,940,894,-133,186
1987,1368,19,7,1156,509,1441,448,-285,61
1987,1371,13,14,982,1114,1060,970,-78,144
1987,1372,7,19,430,1356,502,1152,-72,204
1987,1373,12,15,822,1167,986,958,-164,209
1987,1374,13,15,803,1252,934,965,-131,287
1987,1375,14,13,1048,1049,1201,882,-153,167
1987,1376,14,13,830,951,962,824,-132,127
1987,1378,19,7,1190,475,1383,403,-193,72
1987,1379,11,14,820,1155,909,954,-89,201
1987,1380,11,16,821,1534,970,1198,-149,336
1987,1382,23,3,1447,196,1724,166,-277,30
1987,1383,15,8,890,580,1055,526,-165,54
1987,1384,16,7,1194,583,1351,494,-157,89
1987,1385,8,20,513,1469,588,1212,-75,257
1987,1386,13,16,937,1292,1050,1162,-113,130
1987,1387,9,22,589,1622,654,1344,-65,278
1987,1388,13,12,669,807,792,709,-123,98
1987,1389,7,20,402,1415,454,1228,-52,187
1987,1390,13,14,845,1074,1001,941,-156,133
1987,1391,13,17,861,1309,1009,1141,-148,168
1987,1393,6,25,430,2109,462,1763,-32,346
1987,1395,6,23,408,1656,469,1388,-61,268
1987,1396,3,31,201,2362,209,1993,-8,369
1987,1397,15,14,1045,1156,1137,896,-92,260
1987,1398,12,11,722,847,785,746,-63,101
1987,1399,20,3,1436,253,1874,222,-438,31
1987,1400,16,13,882,932,1060,853,-178,79
1987,1401,13,17,827,1198,930,1026,-103,172
1987,1402,15,10,1025,790,1230,707,-205,83
1987,1403,14,13,813,892,964,765,-151,127
1987,1405,17,8,1164,645,1327,571,-163,74
1987,1406,16,11,1031,808,1211,710,-180,98
1987,1409,7,22,459,1567,492,1338,-33,229
1987,1410,12,12,805,1025,926,867,-121,158
1987,1411,18,10,1249,696,1497,636,-248,60
1987,1412,10,17,676,1351,789,1204,-113,147
1987,1414,14,14,1111,1315,1290,1165,-179,150
1987,1416,14,9,861,726,1091,614,-230,112
1987,1417,6,24,432,1900,479,1664,-47,236
1987,1418,17,9,1144,680,1378,624,-234,56
1987,1419,15,11,943,766,1070,682,-127,84
1987,1420,15,11,888,840,1059,751,-171,89
1987,1421,11,13,720,1007,856,870,-136,137
1987,1423,11,18,716,1293,780,1086,-64,207
1987,1424,1,33,88,3077,89,2469,-1,608
1987,1425,19,8,1120,524,1310,452,-190,72
1987,1426,18,6,1330,485,1528,439,-198,46
1987,1427,14,12,996,1070,1132,939,-136,131
1987,1428,12,15,756,1139,833,952,-77,187
1987,1429,16,15,1300,1266,1501,1148,-201,118
1987,1431,6,23,422,1820,458,1529,-36,291
1987,1432,15,8,983,582,1187,512,-204,70
1987,1433,14,17,970,1231,1105,1056,-135,175
1987,1434,16,8,983,539,1224,483,-241,56
1987,1435,15,16,1014,1214,1167,1055,-153,159
1987,1436,22,4,1622,353,1891,302,-269,51
1987,1437,15,15,1071,1086,1209,943,-138,143
1987,1438,9,21,665,1575,724,1331,-59,244
1987,1439,16,11,1068,868,1318,757,-250,111
1987,1440,17,7,1139,512,1388,456,-249,56
1987,1441,19,7,1246,499,1534,428,-288,71
1987,1442,16,8,1091,700,1290,595,-199,105
1987,1443,8,25,560,2039,602,1615,-42,424
1987,1444,15,11,1061,896,1247,807,-186,89
1987,1447,13,12,947,1011,1080,887,-133,124
1987,1448,16,13,1043,955,1206,768,-163,187
1987,1449,13,18,900,1402,1013,1171,-113,231
1987,1450,18,10,1081,746,1318,666,-237,80
1987,1451,21,5,1398,434,1665,370,-267,64
1987,1452,7,23,408,1660,468,1351,-60,309
1987,1453,13,13,703,882,839,735,-136,147
1987,1455,10,21,658,1466,758,1242,-100,224
1987,1456,22,3,1299,203,1561,178,-262,25
1987,1457,20,6,1256,452,1479,360,-223,92
1987,1458,17,11,1175,764,1379,652,-204,112
1987,1461,9,21,608,1507,642,1312,-34,195
1987,1462,12,14,895,1113,982,968,-87,145
1987,1463,12,13,861,1027,959,921,-98,106
1987,1464,17,8,1192,622,1401,542,-209,80
1988,1102,17,7,1038,504,1307,458,-269,46
1988,1103,7,18,502,1474,566,1168,-64,306
1988,1104,17,13,991,974,1209,836,-218,138
1988,1106,19,6,1539,538,1846,498,-307,40
1988,1108,19,7,1341,557,1647,482,-306,75
1988,1109,15,9,1160,813,1418,728,-258,85
1988,1110,14,13,970,961,1136,865,-166,96
1988,1111,13,12,884,970,1054,857,-170,113
1988,1112,2,31,133,2670,143,1980,-10,690
1988,1113,16,12,1168,979,1371,845,-203,134
1988,1114,6,24,396,1970,498,1654,-102,316
1988,1116,8,21,517,1673,597,1268,-80,405
1988,1117,13,15,793,1060,883,893,-90,167
1988,1119,19,8,1180,646,1487,600,-307,46
1988,1120,10,17,712,1334,790,1100,-78,234
1988,1121,18,5,1170,350,1383,305,-213,45
1988,1122,13,14,938,1143,1105,955,-167,188
1988,1123,14,10,837,683,1020,626,-183,57
1988,1124,10,22,608,1649,720,1373,-112,276
1988,1126,21,6,1272,466,1538,414,-266,52
1988,1129,5,22,295,1581,312,1213,-17,368
1988,1130,13,14,826,1182,1005,924,-179,258
1988,1131,7,23,465,1868,535,1552,-70,316
1988,1132,16,10,1020,737,1191,645,-171,92
1988,1133,4,26,354,2434,400,2029,-46,405
1988,1134,17,7,1079,559,1443,471,-364,88
1988,1135,19,4,1417,337,1682,322,-265,15
1988,1137,12,13,903,1104,1025,966,-122,138
1988,1139,13,12,808,835,955,724,-147,111
1988,1140,5,25,366,2195,395,1853,-29,342
1988,1141,13,17,863,1282,963,1077,-100,205
1988,1143,20,9,1126,723,1417,625,-291,98
1988,1144,16,7,985,553,1202,463,-217,90
1988,1145,20,7,1364,500,1592,436,-228,64
1988,1147,15,10,1128,851,1357,774,-229,77
1988,1148,18,9,1274,694,1533,633,-259,61
1988,1149,12,13,794,1085,1022,953,-228,132
1988,1150,7,21,492,1714,594,1508,-102,206
1988,1151,12,17,868,1312,978,1092,-110,220
1988,1152,20,6,1252,472,1543,390,-291,82
1988,1153,17,9,1352,777,1527,678,-175,99
1988,1154,18,6,1305,428,1594,384,-289,44
1988,1155,14,14,954,1133,1149,865,-195,268
1988,1156,7,20,541,1722,593,1481,-52,241
1988,1157,11,13,686,1084,847,917,-161,167
1988,1159,20,3,1252,211,1585,203,-333,8
1988,1160,21,7,1394,531,1797,470,-403,61
1988,1161,12,15,660,999,745,808,-85,191
1988,1162,20,4,1190,316,1468,292,-278,24
1988,1163,14,15,879,1151,984,944,-105,207
1988,1164,14,10,966,799,1123,695,-157,104
1988,1165,9,16,649,1253,816,1064,-167,189
1988,1166,16,12,1054,986,1379,878,-325,108
1988,1168,17,12,1051,910,1176,721,-125,189
1988,1171,8,17,571,1427,670,1225,-99,202
1988,1172,13,12,883,912,1031,822,-148,90
1988,1173,18,10,1250,808,1496,748,-246,60
1988,1174,9,15,611,1187,688,1034,-77,153
1988,1175,23,2,1588,142,1949,129,-361,13
1988,1177,7,21,475,1750,522,1452,-47,298
1988,1178,22,5,1593,382,1841,366,-248,16
1988,1179,14,13,997,974,1101,831,-104,143
1988,1180,10,16,765,1323,848,1126,-83,197
1988,1181,6,24,470,2088,499,1571,-29,517
1988,1182,21,9,1508,756,1812,677,-304,79
1988,1183,11,13,772,988,850,869,-78,119
1988,1184,11,16,752,1388,875,1118,-123,270
1988,1185,7,19,490,1581,601,1359,-111,222
1988,1186,21,3,1308,211,1633,203,-325,8
1988,1187,20,6,1277,398,1557,342,-280,56
1988,1190,14,12,986,971,1163,871,-177,100
1988,1191,7,20,548,1679,621,1370,-73,309
1988,1192,6,21,392,1659,438,1423,-46,236
1988,1193,20,8,1210,573,1499,505,-289,68
1988,1196,11,22,745,1667,853,1362,-108,305
1988,1197,8,18,591,1482,666,1295,-75,187
1988,1198,17,9,1235,793,1621,726,-386,67
1988,1199,10,19,733,1697,806,1377,-73,320
1988,1200,14,16,951,1130,1082,937,-131,193
1988,1201,19,8,1183,591,1356,498,-173,93
1988,1202,10,14,661,1120,759,983,-98,137
1988,1203,15,11,975,857,1164,723,-189,134
1988,1204,6,21,351,1367,392,1131,-41,236
1988,1206,10,18,672,1563,758,1376,-86,187
1988,1207,9,16,586,1203,628,988,-42,215
1988,1208,15,18,1057,1389,1200,1139,-143,250
1988,1209,19,5,1405,450,1633,360,-228,90
1988,1210,9,21,642,1774,716,1499,-74,275
1988,1211,12,12,794,901,943,755,-149,146
1988,1212,17,13,1131,1062,1382,923,-251,139
1988,1215,11,13,781,1129,914,1033,-133,96
1988,1216,16,15,1118,1107,1221,954,-103,153
1988,1217,14,10,950,760,1204,688,-254,72
1988,1218,25,4,1605,340,1895,275,-290,65
1988,1220,20,3,1232,213,1499,197,-267,16
1988,1221,15,13,1185,1278,1402,1122,-217,156
1988,1222,12,17,845,1283,955,1104,-110,179
1988,1223,18,5,1092,345,1269,317,-177,28
1988,1224,13,12,900,823,1046,732,-146,91
1988,1225,11,16,599,1100,718,990,-119,110
1988,1226,13,12,773,913,907,808,-134,105
1988,1227,20,6,1280,440,1616,392,-336,48
1988,1228,9,22,644,1937,721,1479,-77,458
1988,1229,12,18,706,1372,873,1186,-167,186
1988,1231,9,19,635,1580,722,1263,-87,317
1988,1232,21,4,1374,304,1626,291,-252,13
1988,1233,16,11,1206,886,1390,801,-184,85
1988,1234,9,22,750,2148,827,1664,-77,484
1988,1235,11,19,874,1839,999,1542,-125,297
1988,1238,15,11,1028,772,1177,697,-149,75
1988,1239,21,6,1361,499,1591,433,-230,66
1988,1241,18,10,1195,673,1393,610,-198,63
1988,1242,11,18,771,1370,872,1149,-101,221
1988,1243,8,20,626,1504,688,1272,-62,232
1988,1245,17,7,1064,509,1223,463,-159,46
1988,1246,5,24,320,1955,349,1623,-29,332
1988,1247,9,23,635,1854,701,1539,-66,315
1988,1248,10,17,623,1246,740,1018,-117,228
1988,1249,11,19,689,1410,809,1222,-120,188
1988,1250,9,19,691,1554,760,1336,-69,218
1988,1253,11,15,801,1287,924,1132,-123,155
1988,1254,14,11,1096,925,1247,852,-151,73
1988,1256,8,18,514,1320,593,1145,-79,175
1988,1257,10,22,733,1895,806,1626,-73,269
1988,1258,3,24,267,2682,289,2304,-22,378
1988,1259,21,6,1371,461,1718,401,-347,60
1988,1260,16,13,1194,1076,1443,983,-249,93
1988,1261,13,16,817,1233,970,1025,-153,208
1988,1263,14,12,946,1009,1151,889,-205,120
1988,1264,22,6,1652,464,1853,420,-201,44
1988,1265,9,17,587,1281,663,1039,-76,242
1988,1266,18,10,1147,746,1386,604,-239,142
1988,1267,7,24,540,2063,591,1755,-51,308
1988,1268,12,16,859,1236,973,1028,-114,208
1988,1269,16,7,1108,519,1286,450,-178,69
1988,1270,22,7,1494,518,1790,478,-296,40
1988,1271,21,6,1521,462,1851,437,-330,25
1988,1272,11,19,777,1585,872,1355,-95,230
1988,1273,14,13,928,969,1116,882,-188,87
1988,1274,13,16,922,1383,1125,1160,-203,223
1988,1275,18,9,1208,703,1401,638,-193,65
1988,1276,7,23,518,2104,589,1611,-71,493
1988,1277,18,10,1221,730,1441,623,-220,107
1988,1278,18,10,1237,787,1496,622,-259,165
1988,1279,16,11,1022,787,1252,668,-230,119
1988,1280,15,12,817,816,1052,709,-235,107
1988,1281,10,19,799,1722,878,1376,-79,346
1988,1283,6,20,358,1513,433,1239,-75,274
1988,1284,13,14,829,1006,967,886,-138,120
1988,1285,11,15,713,1050,806,942,-93,108
1988,1286,11,16,735,1233,830,1060,-95,173
1988,1287,21,3,1564,301,1825,262,-261,39
1988,1288,17,9,1212,666,1441,575,-229,91
1988,1290,19,6,1318,521,1596,477,-278,44
1988,1292,10,18,682,1549,805,1373,-123,176
1988,1293,8,18,506,1447,551,1246,-45,201
1988,1296,19,7,1404,617,1581,568,-177,49
1988,1298,15,11,915,786,1107,680,-192,106
1988,1299,2,22,129,1878,147,1493,-18,385
1988,1301,7,23,513,1983,553,1605,-40,378
1988,1304,18,11,1236,795,1500,686,-264,109
1988,1305,13,12,1017,992,1134,907,-117,85
1988,1306,25,4,1668,277,2044,263,-376,14
1988,1307,13,19,944,1458,1071,1261,-127,197
1988,1308,16,13,1050,938,1132,772,-82,166
1988,1309,10,21,784,1623,869,1298,-85,325
1988,1310,15,15,1100,1117,1241,975,-141,142
1988,1311,17,8,1120,585,1308,525,-188,60
1988,1314,6,24,433,2020,475,1714,-42,306
1988,1317,12,17,823,1395,938,1178,-115,217
1988,1318,13,15,871,1219,1019,1052,-148,167
1988,1319,17,8,1089,618,1277,536,-188,82
1988,1320,18,6,1261,542,1453,500,-192,42
1988,1321,20,6,1255,417,1556,365,-301,52
1988,1322,12,16,761,1141,863,974,-102,167
1988,1323,8,19,538,1411,610,1073,-72,338
1988,1325,13,15,999,1171,1106,1019,-107,152
1988,1326,12,15,880,1159,1024,1023,-144,136
1988,1328,3,30,229,3231,246,2442,-17,789
1988,1329,15,12,974,1004,1156,855,-182,149
1988,1330,11,17,806,1358,915,1218,-109,140
1988,1331,21,8,1580,672,1959,594,-379,78
1988,1332,13,14,782,1017,975,867,-193,150
1988,1333,10,20,592,1440,689,1183,-97,257
1988,1334,24,3,1705,240,2063,213,-358,27
1988,1335,16,10,984,771,1295,670,-311,101
1988,1336,14,11,875,769,998,654,-123,115
1988,1337,12,17,920,1463,1025,1299,-105,164
1988,1338,6,23,435,1858,476,1556,-41,302
1988,1339,22,3,1568,213,1843,197,-275,16
1988,1341,20,5,1389,371,1800,344,-411,27
1988,1343,9,15,508,1028,538,836,-30,192
1988,1344,17,11,1179,959,1437,872,-258,87
1988,1345,3,27,235,2292,257,1881,-22,411
1988,1347,14,14,901,1094,1039,977,-138,117
1988,1348,6,25,434,2261,477,1897,-43,364
1988,1349,21,4,1404,311,1688,295,-284,16
1988,1350,6,24,379,1732,445,1517,-66,215
1988,1351,18,7,1313,647,1607,597,-294,50
1988,1352,14,11,910,807,1076,654,-166,153
1988,1353,22,7,1392,554,1780,498,-388,56
1988,1354,13,12,865,894,1001,783,-136,111
1988,1356,16,11,1311,949,1435,860,-124,89
1988,1358,14,14,857,1050,1075,874,-218,176
1988,1359,20,7,1322,503,1525,447,-203,56
1988,1360,17,9,1123,641,1332,518,-209,123
1988,1361,17,11,1053,840,1290,717,-237,123
1988,1362,15,12,1064,995,1239,837,-175,158
1988,1363,15,12,1014,910,1211,798,-197,112
1988,1364,7,21,459,1541,531,1351,-72,190
1988,1365,10,19,769,1354,835,1156,-66,198
1988,1368,21,3,1186,188,1542,163,-356,25
1988,1371,12,20,839,1690,912,1360,-73,330
1988,1372,18,10,1147,728,1348,645,-201,83
1988,1373,5,22,335,1908,440,1530,-105,378
1988,1374,6,27,415,2302,467,1870,-52,432
1988,1375,13,13,960,1147,1175,1018,-215,129
1988,1376,10,18,642,1467,785,1235,-143,232
1988,1378,21,6,1381,452,1710,390,-329,62
1988,1379,10,17,896,1564,992,1357,-96,207
1988,1380,6,21,476,2047,559,1703,-83,344
1988,1382,15,13,926,976,1134,844,-208,132
1988,1383,17,8,1027,573,1224,536,-197,37
1988,1384,20,4,1268,326,1533,290,-265,36
1988,1385,11,17,728,1279,842,1081,-114,198
1988,1386,14,15,916,1072,1082,952,-166,120
1988,1387,14,14,892,1013,1027,827,-135,186
1988,1388,9,15,544,986,606,839,-62,147
1988,1389,9,18,564,1284,622,1107,-58,177
1988,1390,11,18,793,1469,912,1192,-119,277
1988,1391,15,11,1034,918,1202,770,-168,148
1988,1393,8,24,569,2138,594,1644,-25,494
1988,1395,19,9,1090,579,1391,514,-301,65
1988,1396,1,29,58,2270,59,1785,-1,485
1988,1397,12,16,784,1248,951,1043,-167,205
1988,1398,17,9,1272,689,1411,592,-139,97
1988,1399,16,8,1119,640,1326,585,-207,55
1988,1400,13,16,865,1184,1027,1051,-162,133
1988,1401,14,16,923,1141,1093,1037,-170,104
1988,1402,21,9,1504,730,1718,641,-214,89
1988,1403,19,8,1175,571,1372,504,-197,67
1988,1405,12,14,802,1013,943,869,-141,144
1988,1406,14,11,957,817,1107,697,-150,120
1988,1409,20,8,1305,563,1485,469,-180,94
1988,1410,13,12,740,907,890,821,-150,86
1988,1411,8,19,604,1624,676,1437,-72,187
1988,1412,15,15,1047,1119,1166,940,-119,179
1988,1414,14,16,1154,1318,1368,1175,-214,143
1988,1416,17,7,1264,570,1549,510,-285,60
1988,1417,14,16,1037,1377,1136,1124,-99,253
1988,1418,16,8,1147,598,1293,548,-146,50
1988,1419,8,21,510,1679,591,1399,-81,280
1988,1420,14,13,983,1077,1204,924,-221,153
1988,1421,15,10,1029,750,1179,669,-150,81
1988,1423,14,14,848,1008,983,878,-135,130
1988,1424,5,24,352,2028,367,1640,-15,388
1988,1425,21,6,1291,380,1654,344,-363,36
1988,1426,22,7,1476,507,1652,439,-176,68
1988,1427,8,19,568,1559,664,1328,-96,231
1988,1428,10,18,589,1280,693,1024,-104,256
1988,1429,9,21,747,1768,819,1521,-72,247
1988,1431,9,21,577,1533,646,1255,-69,278
1988,1433,11,20,823,1616,892,1384,-69,232
1988,1434,16,8,975,549,1187,514,-212,35
1988,1435,10,18,683,1534,779,1250,-96,284
1988,1436,23,2,1606,152,1921,136,-315,16
1988,1437,12,21,804,1569,923,1323,-119,246
1988,1438,18,12,1109,897,1320,715,-211,182
1988,1439,10,19,889,1757,988,1490,-99,267
1988,1440,16,10,1061,726,1275,650,-214,76
1988,1441,19,4,1303,296,1521,283,-218,13
1988,1442,12,11,808,833,949,710,-141,123
1988,1443,13,13,895,977,1012,859,-117,118
1988,1444,17,11,1240,841,1481,777,-241,64
1988,1447,18,6,1172,470,1411,424,-239,46
1988,1448,18,10,1259,769,1480,666,-221,103
1988,1449,19,10,1279,753,1518,654,-239,99
1988,1450,16,13,917,844,1114,721,-197,123
1988,1451,21,8,1370,642,1654,581,-284,61
1988,1452,13,16,870,1171,971,962,-101,209
1988,1453,9,16,484,1121,606,931,-122,190
1988,1455,9,19,577,1544,630,1311,-53,233
1988,1456,19,8,1277,615,1504,538,-227,77
1988,1457,13,13,764,893,891,740,-127,153
1988,1458,16,12,1038,895,1294,790,-256,105
1988,1460,11,14,818,1275,954,1060,-136,215
1988,1461,5,25,319,1957,368,1564,-49,393
1988,1462,3,24,221,2360,249,1926,-28,434
1988,1463,14,12,872,942,1068,849,-196,93
1988,1464,21,6,1349,375,1743,354,-394,21
1989,1102,14,10,943,700,1039,615,-96,85
1989,1103,7,21,527,1877,564,1406,-37,471
1989,1104,7,23,477,1794,539,1542,-62,252
1989,1106,15,11,1244,971,1432,895,-188,76
1989,1108,20,4,1263,343,1654,327,-391,16
1989,1109,16,8,1326,736,1665,623,-339,113
1989,1110,11,14,779,1169,922,999,-143,170
1989,1111,8,17,585,1282,638,1117,-53,165
1989,1112,3,27,230,2303,244,1765,-14,538
1989,1113,16,12,1162,1065,1388,946,-226,119
1989,1114,7,23,597,2185,677,1751,-80,434
1989,1116,6,24,437,2228,487,1724,-50,504
1989,1117,9,17,616,1248,670,997,-54,251
1989,1119,15,11,1046,851,1201,719,-155,132
1989,1120,19,9,1362,760,1581,641,-219,119
1989,1121,22,3,1578,276,1952,231,-374,45
1989,1122,12,15,929,1346,1026,1158,-97,188
1989,1123,2,27,103,1974,120,1659,-17,315
1989,1124,22,5,1357,386,1720,342,-363,44
1989,1126,16,12,1039,886,1230,776,-191,110
1989,1129,6,22,348,1503,380,1267,-32,236
1989,1130,16,12,1066,978,1317,814,-251,164
1989,1131,9,21,622,1699,696,1367,-74,332
1989,1132,16,10,979,712,1170,642,-191,70
1989,1133,14,13,1078,1115,1206,1013,-128,102
1989,1134,23,1,1451,65,2000,57,-549,8
1989,1135,19,5,1270,387,1587,354,-317,33
1989,1137,7,20,507,1673,587,1459,-80,214
1989,1139,17,11,1093,832,1276,727,-183,105
1989,1140,15,14,1140,1198,1252,1070,-112,128
1989,1141,16,11,1027,815,1228,713,-201,102
1989,1143,12,19,789,1476,956,1186,-167,290
1989,1144,12,14,806,1008,962,843,-156,165
1989,1145,15,12,955,886,1101,791,-146,95
1989,1147,14,14,1073,1213,1259,1115,-186,98
1989,1148,18,6,1143,453,1538,412,-395,41
1989,1149,16,8,1132,659,1271,579,-139,80
1989,1150,11,16,823,1235,919,1044,-96,191
1989,1151,12,17,890,1342,1001,1237,-111,105
1989,1152,16,8,1099,594,1286,518,-187,76
1989,1153,11,14,779,1128,859,985,-80,143
1989,1154,12,12,826,1008,962,859,-136,149
1989,1155,10,18,733,1503,865,1240,-132,263
1989,1156,9,15,689,1358,788,1180,-99,178
1989,1157,13,12,871,945,1077,793,-206,152
1989,1159,21,6,1342,412,1633,391,-291,21
1989,1160,21,7,1586,559,1869,486,-283,73
1989,1161,9,21,504,1430,597,1254,-93,176
1989,1162,18,6,1113,436,1431,383,-318,53
1989,1163,12,16,804,1232,907,932,-103,300
1989,1164,11,18,784,1418,892,1206,-108,212
1989,1165,16,8,978,595,1249,543,-271,52
1989,1166,10,20,671,1574,768,1407,-97,167
1989,1168,13,15,854,1149,967,1060,-113,89
1989,1171,9,17,622,1348,739,1161,-117,187
1989,1172,23,5,1434,378,1736,339,-302,39
1989,1173,17,12,1235,935,1450,812,-215,123
1989,1174,14,10,959,779,1072,670,-113,109
1989,1175,15,9,1180,820,1466,730,-286,90
1989,1177,11,19,737,1606,838,1361,-101,245
1989,1178,21,7,1387,589,1677,515,-290,74
1989,1179,17,12,1111,894,1281,761,-170,133
1989,1180,16,12,1213,965,1370,852,-157,113
1989,1181,7,24,514,2190,568,1569,-54,621
1989,1182,16,12,1166,1080,1405,887,-239,193
1989,1183,16,13,1178,1123,1328,971,-150,152
1989,1184,22,5,1391,344,1731,312,-340,32
1989,1185,13,13,934,1042,1078,897,-144,145
1989,1186,21,6,1453,467,1694,424,-241,43
1989,1187,14,13,893,961,1108,834,-215,127
1989,1190,10,16,779,1391,883,1289,-104,102
1989,1191,5,24,356,2037,390,1659,-34,378
1989,1192,12,15,774,1176,921,1024,-147,152
1989,1193,21,6,1242,441,1490,390,-248,51
1989,1196,12,20,862,1591,1049,1414,-187,177
1989,1197,10,16,628,1447,732,1285,-104,162
1989,1198,17,9,1346,832,1620,760,-274,72
1989,1199,7,22,562,2105,605,1720,-43,385
1989,1200,15,13,907,951,1079,810,-172,141
1989,1201,14,15,843,1095,946,887,-103,208
1989,1202,11,14,752,1083,916,986,-164,97
1989,1203,27,1,1816,103,2209,77,-393,26
1989,1204,5,23,349,1822,398,1554,-49,268
1989,1206,10,19,678,1543,785,1340,-107,203
1989,1207,4,22,316,1709,337,1393,-21,316
1989,1208,16,15,1158,1213,1305,1013,-147,200
1989,1209,14,10,1158,828,1365,722,-207,106
1989,1210,11,20,801,1695,902,1396,-101,299
1989,1211,14,10,1006,755,1143,664,-137,91
1989,1212,13,13,936,1069,1104,950,-168,119
1989,1215,19,4,1229,242,1520,222,-291,20
1989,1216,13,15,831,1028,983,888,-152,140
1989,1217,15,9,1006,716,1221,647,-215,69
1989,1218,12,17,763,1316,850,1154,-87,162
1989,1220,14,14,909,1009,1025,893,-116,116
1989,1221,15,12,1135,1061,1316,928,-181,133
1989,1222,14,17,1013,1425,1137,1219,-124,206
1989,1223,19,8,1227,655,1450,589,-223,66
1989,1224,18,6,1126,444,1308,389,-182,55
1989,1225,5,21,333,1648,348,1268,-15,380
1989,1226,18,6,1122,445,1425,404,-303,41
1989,1227,17,12,1252,1031,1402,880,-150,151
1989,1228,4,26,268,2354,303,1923,-35,431
1989,1229,17,13,979,962,1172,879,-193,83
1989,1231,7,25,522,1969,625,1630,-103,339
1989,1232,24,3,1685,255,1990,222,-305,33
1989,1233,15,14,988,1049,1196,907,-208,142
1989,1234,8,22,690,1995,779,1617,-89,378
1989,1235,11,17,892,1546,1085,1310,-193,236
1989,1238,13,12,962,922,1117,821,-155,101
1989,1239,16,12,1217,1023,1406,926,-189,97
1989,1241,14,13,928,1049,1018,888,-90,161
1989,1242,12,16,949,1505,1084,1163,-135,342
1989,1243,10,17,719,1370,798,1190,-79,180
1989,1245,10,20,646,1586,741,1324,-95,262
1989,1246,19,13,1235,985,1452,864,-217,121
1989,1247,5,26,359,2213,399,1789,-40,424
1989,1248,10,19,610,1341,758,1171,-148,170
1989,1249,16,10,1231,765,1367,707,-136,58
1989,1250,18,9,1260,784,1429,677,-169,107
1989,1251,17,8,1182,598,1421,555,-239,43
1989,1253,15,13,980,953,1223,831,-243,122
1989,1254,19,8,1344,643,1546,592,-202,51
1989,1256,8,22,586,1835,670,1552,-84,283
1989,1257,8,22,588,1888,619,1583,-31,305
1989,1258,10,19,992,2229,1124,1944,-132,285
1989,1259,18,8,1317,759,1554,669,-237,90
1989,1260,17,11,1408,957,1608,876,-200,81
1989,1261,11,18,994,1677,1128,1481,-134,196
1989,1263,18,9,1106,633,1333,557,-227,76
1989,1264,20,7,1155,532,1462,461,-307,71
1989,1265,15,11,1101,929,1281,788,-180,141
1989,1266,15,12,1043,951,1209,845,-166,106
1989,1267,15,14,1138,1270,1309,1149,-171,121
1989,1268,20,9,1288,708,1572,580,-284,128
1989,1269,17,8,1259,674,1556,591,-297,83
1989,1270,13,16,951,1191,1065,1046,-114,145
1989,1271,26,1,1923,80,2461,77,-538,3
1989,1272,10,20,770,1622,837,1374,-67,248
1989,1273,14,11,950,880,1104,824,-154,56
1989,1274,12,17,994,1629,1214,1392,-220,237
1989,1275,15,13,1024,947,1146,824,-122,123
1989,1276,6,21,450,2010,491,1514,-41,496
1989,1277,13,15,837,1229,1011,1050,-174,179
1989,1278,11,16,696,1330,831,1091,-135,239
1989,1279,14,14,953,1153,1087,1020,-134,133
1989,1280,15,13,1027,1041,1180,910,-153,131
1989,1281,7,26,554,2332,601,1946,-47,386
1989,1283,9,20,583,1435,655,1196,-72,239
1989,1284,13,13,897,1031,1046,884,-149,147
1989,1285,11,16,731,1225,846,1029,-115,196
1989,1286,15,11,1012,933,1225,821,-213,112
1989,1287,15,11,1024,973,1207,880,-183,93
1989,1288,13,14,904,1100,1057,943,-153,157
1989,1290,20,6,1412,504,1651,392,-239,112
1989,1291,15,10,1085,907,1244,741,-159,166
1989,1292,7,20,546,1843,596,1560,-50,283
1989,1293,10,17,679,1368,796,1124,-117,244
1989,1296,17,9,1299,729,1539,676,-240,53
1989,1298,22,6,1360,476,1629,429,-269,47
1989,1299,16,7,1095,631,1241,552,-146,79
1989,1301,8,20,552,1825,637,1427,-85,398
1989,1304,15,15,1098,1196,1314,1025,-216,171
1989,1305,12,15,972,1452,1119,1260,-147,192
1989,1306,22,4,1512,344,1798,301,-286,43
1989,1307,10,19,676,1612,769,1365,-93,247
1989,1308,10,19,638,1375,729,1195,-91,180
1989,1309,10,19,595,1410,737,1198,-142,212
1989,1310,19,9,1200,681,1468,604,-268,77
1989,1311,16,8,1068,610,1287,553,-219,57
1989,1314,7,27,591,2472,642,2055,-51,417
1989,1317,15,14,1165,1118,1344,1020,-179,98
1989,1318,11,17,797,1433,911,1236,-114,197
1989,1319,25,2,1515,113,2011,99,-496,14
1989,1320,9,16,658,1440,787,1267,-129,173
1989,1321,19,7,1287,590,1576,516,-289,74
1989,1322,16,13,1397,1154,1536,1004,-139,150
1989,1323,8,20,609,1562,684,1323,-75,239
1989,1325,17,11,1225,895,1390,793,-165,102
1989,1326,14,17,968,1511,1130,1222,-162,289
1989,1328,5,28,414,2990,462,2487,-48,503
1989,1329,12,15,947,1316,1048,1026,-101,290
1989,1330,13,14,1024,1194,1124,1020,-100,174
1989,1331,20,8,1631,792,1854,763,-223,29
1989,1332,21,7,1370,491,1640,448,-270,43
1989,1333,7,22,455,1768,548,1441,-93,327
1989,1334,21,5,1436,415,1651,370,-215,45
1989,1335,13,13,800,926,948,829,-148,97
1989,1336,11,18,747,1491,853,1210,-106,281
1989,1337,12,19,869,1548,1010,1312,-141,236
1989,1338,12,17,879,1425,1013,1293,-134,132
1989,1339,25,2,1521,144,1989,138,-468,6
1989,1341,16,9,1127,685,1389,616,-262,69
1989,1343,7,17,350,1034,402,857,-52,177
1989,1344,10,18,774,1602,835,1235,-61,367
1989,1345,16,15,1104,1171,1250,909,-146,262
1989,1347,13,11,907,925,1138,813,-231,112
1989,1348,15,12,1078,984,1250,829,-172,155
1989,1349,16,11,1046,881,1260,778,-214,103
1989,1350,9,20,556,1480,641,1256,-85,224
1989,1351,21,4,1459,307,1789,277,-330,30
1989,1352,8,19,622,1467,701,1282,-79,185
1989,1353,12,18,854,1457,1010,1227,-156,230
1989,1354,7,24,499,2040,598,1747,-99,293
1989,1356,13,19,1011,1507,1123,1378,-112,129
1989,1358,16,12,1173,990,1341,862,-168,128
1989,1359,17,7,1029,535,1225,465,-196,70
1989,1360,20,6,1314,407,1555,340,-241,67
1989,1361,17,12,1145,985,1347,827,-202,158
1989,1362,12,14,821,1085,1000,972,-179,113
1989,1363,23,4,1401,334,1742,288,-341,46
1989,1364,8,21,541,1586,597,1357,-56,229
1989,1365,10,19,630,1339,751,1125,-121,214
1989,1368,22,2,1277,138,1657,134,-380,4
1989,1371,6,25,444,2072,494,1662,-50,410
1989,1372,18,10,1245,706,1453,638,-208,68
1989,1373,4,23,303,2012,321,1567,-18,445
1989,1374,16,12,1110,850,1295,766,-185,84
1989,1375,8,21,685,1970,738,1561,-53,409
1989,1376,10,18,665,1447,782,1221,-117,226
1989,1378,21,6,1513,522,1771,437,-258,85
1989,1379,17,10,1261,864,1439,767,-178,97
1989,1380,10,16,911,1584,994,1342,-83,242
1989,1381,18,8,1228,679,1604,534,-376,145
1989,1382,15,13,1014,966,1345,902,-331,64
1989,1383,16,9,1172,683,1374,614,-202,69
1989,1384,16,11,1161,969,1384,841,-223,128
1989,1385,13,15,859,1096,1017,918,-158,178
1989,1386,21,8,1323,638,1587,597,-264,41
1989,1387,9,22,600,1720,687,1358,-87,362
1989,1388,4,23,240,1783,255,1287,-15,496
1989,1389,7,22,440,1569,503,1340,-63,229
1989,1390,6,26,386,2054,465,1599,-79,455
1989,1391,12,17,855,1410,977,1177,-122,233
1989,1393,7,26,494,2470,528,1990,-34,480
1989,1395,13,16,905,1066,1064,917,-159,149
1989,1396,11,18,684,1413,797,1105,-113,308
1989,1397,10,19,779,1673,852,1470,-73,203
1989,1398,22,3,1523,232,1823,220,-300,12
1989,1399,20,6,1519,419,1782,387,-263,32
1989,1400,8,24,693,2347,818,1995,-125,352
1989,1401,14,15,1000,1179,1186,995,-186,184
1989,1402,17,12,1196,938,1344,829,-148,109
1989,1403,15,12,999,870,1114,733,-115,137
1989,1405,15,14,926,1021,1128,854,-202,167
1989,1406,10,17,724,1500,786,1240,-62,260
1989,1409,13,17,842,1181,1036,1060,-194,121
1989,1410,13,11,842,797,959,670,-117,127
1989,1411,12,15,900,1315,1078,1143,-178,172
1989,1412,11,17,903,1465,1048,1189,-145,276
1989,1414,17,12,1342,1023,1554,950,-212,73
1989,1416,19,4,1395,300,1718,286,-323,14
1989,1417,9,20,711,1640,822,1396,-111,244
1989,1418,12,14,965,1206,1080,1079,-115,127
1989,1419,12,17,785,1358,935,1212,-150,146
1989,1420,11,13,765,1033,924,948,-159,85
1989,1421,14,12,955,1030,1183,889,-228,141
1989,1423,14,16,916,1175,1029,1024,-113,151
1989,1424,7,26,595,2278,631,1849,-36,429
1989,1425,22,9,1472,754,1650,608,-178,146
1989,1426,21,7,1322,536,1552,456,-230,80
1989,1427,13,11,953,923,1065,778,-112,145
1989,1428,17,15,1060,1216,1237,1021,-177,195
1989,1429,16,12,1150,1019,1314,844,-164,175
1989,1431,6,24,421,1904,484,1519,-63,385
1989,1433,15,13,1108,1107,1239,969,-131,138
1989,1434,19,9,1285,682,1569,620,-284,62
1989,1435,13,18,930,1455,1071,1165,-141,290
1989,1436,20,5,1338,344,1618,324,-280,20
1989,1437,15,15,998,1136,1153,1004,-155,132
1989,1438,10,19,685,1664,788,1410,-103,254
1989,1439,17,10,1419,921,1629,813,-210,108
1989,1440,17,7,1285,508,1426,468,-141,40
1989,1441,15,9,994,690,1144,610,-150,80
1989,1442,19,7,1216,485,1528,451,-312,34
1989,1443,15,14,1070,1134,1246,965,-176,169
1989,1444,16,9,1034,729,1283,654,-249,75
1989,1447,16,9,1122,752,1413,701,-291,51
1989,1448,15,13,1135,1000,1306,836,-171,164
1989,1449,16,12,1146,971,1424,887,-278,84
1989,1450,19,10,1110,743,1336,581,-226,162
1989,1451,11,14,735,1108,853,994,-118,114
1989,1452,4,25,255,2030,305,1620,-50,410
1989,1453,14,11,880,819,970,668,-90,151
1989,1455,10,18,673,1513,747,1239,-74,274
1989,1456,22,4,1417,293,1803,239,-386,54
1989,1457,13,12,818,868,909,725,-91,143
1989,1458,11,15,729,1063,834,878,-105,185
1989,1460,11,13,817,1121,930,973,-113,148
1989,1461,17,14,1134,1123,1275,1002,-141,121
1989,1462,11,20,810,1726,919,1508,-109,218
1989,1463,17,9,1098,710,1291,621,-193,89
1989,1464,21,3,1546,231,1909,187,-363,44
1990,1102,19,9,1119,665,1350,590,-231,75
1990,1103,12,14,812,1064,963,895,-151,169
1990,1104,8,24,549,1751,607,1374,-58,377
1990,1106,12,13,1054,1202,1258,1113,-204,89
1990,1108,18,7,1285,584,1639,544,-354,40
1990,1109,16,8,1494,808,1775,708,-281,100
1990,1110,9,18,593,1259,663,1107,-70,152
1990,1111,11,17,876,1425,990,1170,-114,255
1990,1112,6,24,446,1944,498,1498,-52,446
1990,1113,15,14,921,959,1091,833,-170,126
1990,1114,9,20,747,1787,875,1454,-128,333
1990,1116,4,26,337,2587,353,2036,-16,551
1990,1117,13,15,868,1227,999,1040,-131,187
1990,1119,19,9,1300,633,1521,571,-221,62
1990,1120,17,13,1245,1081,1418,946,-173,135
1990,1121,18,6,1222,450,1532,420,-310,30
1990,1122,18,9,1169,707,1382,612,-213,95
1990,1123,6,22,336,1659,379,1277,-43,382
1990,1124,13,16,936,1265,1081,1056,-145,209
1990,1126,18,10,1351,834,1608,762,-257,72
1990,1129,15,11,782,664,1043,579,-261,85
1990,1130,20,8,1312,714,1629,545,-317,169
1990,1131,11,18,759,1358,878,1178,-119,180
1990,1132,10,16,677,1330,752,1100,-75,230
1990,1133,20,10,1388,783,1635,675,-247,108
1990,1134,20,4,1396,313,1776,285,-380,28
1990,1135,15,8,909,583,1108,521,-199,62
1990,1137,14,12,1010,954,1098,872,-88,82
1990,1139,22,6,1330,436,1602,381,-272,55
1990,1140,8,21,511,1550,581,1341,-70,209
1990,1141,17,12,1084,906,1297,814,-213,92
1990,1143,9,20,629,1584,749,1296,-120,288
1990,1144,12,13,749,983,973,837,-224,146
1990,1145,18,10,1213,692,1424,622,-211,70
1990,1147,8,19,639,1890,811,1645,-172,245
1990,1148,21,3,1317,233,1627,211,-310,22
1990,1149,17,7,1079,566,1276,476,-197,90
1990,1150,14,16,1022,1339,1172,1143,-150,196
1990,1151,14,12,1035,931,1162,843,-127,88
1990,1152,22,4,1443,304,1781,272,-338,32
1990,1153,13,19,917,1419,1015,1223,-98,196
1990,1154,15,9,1060,723,1280,632,-220,91
1990,1155,8,23,524,1968,594,1587,-70,381
1990,1156,12,13,945,1123,1043,990,-98,133
1990,1157,5,20,352,1560,414,1351,-62,209
1990,1159,21,7,1472,565,1740,529,-268,36
1990,1160,18,11,1376,969,1639,804,-263,165
1990,1161,8,20,433,1454,490,1166,-57,288
1990,1162,22,4,1415,293,1726,270,-311,23
1990,1163,5,27,350,2177,423,1741,-73,436
1990,1164,5,23,330,1800,365,1527,-35,273
1990,1165,16,10,1001,778,1230,686,-229,92
1990,1166,11,21,754,1771,836,1577,-82,194
1990,1168,16,11,1104,931,1303,755,-199,176
1990,1171,14,12,837,879,1013,805,-176,74
1990,1172,24,1,1459,83,1769,74,-310,9
1990,1173,9,21,781,1916,863,1640,-82,276
1990,1174,13,12,885,903,1007,724,-122,179
1990,1175,14,14,1094,1252,1285,1097,-191,155
1990,1177,14,18,890,1235,1073,1016,-183,219
1990,1178,18,10,1228,844,1446,747,-218,97
1990,1179,18,13,1271,975,1462,832,-191,143
1990,1180,15,13,1076,1069,1197,948,-121,121
1990,1181,8,24,624,2266,685,1762,-61,504
1990,1182,22,7,1461,575,1767,489,-306,86
1990,1183,18,9,1143,691,1394,607,-251,84
1990,1184,17,10,1046,714,1240,622,-194,92
1990,1185,13,17,866,1355,1005,1196,-139,159
1990,1186,11,17,736,1388,878,1147,-142,241
1990,1187,17,11,996,782,1219,645,-223,137
1990,1190,6,23,468,2062,535,1748,-67,314
1990,1191,15,16,949,1199,1130,990,-181,209
1990,1192,13,15,904,1129,996,1005,-92,124
1990,1193,19,10,1093,579,1318,515,-225,64
1990,1196,21,7,1304,582,1571,458,-267,124
1990,1197,11,17,716,1433,829,1263,-113,170
1990,1198,20,6,1466,469,1879,407,-413,62
1990,1199,15,15,1017,1285,1163,1104,-146,181
1990,1200,12,19,811,1482,901,1263,-90,219
1990,1201,18,10,1160,690,1315,588,-155,102
1990,1202,16,11,1140,919,1339,826,-199,93
1990,1203,16,14,1121,1179,1301,1059,-180,120
1990,1204,11,17,804,1409,926,1199,-122,210
1990,1206,12,18,882,1341,1000,1196,-118,145
1990,1207,6,19,440,1556,476,1204,-36,352
1990,1208,8,20,589,1722,673,1443,-84,279
1990,1209,23,3,1701,205,2132,181,-431,24
1990,1210,6,24,496,2152,510,1883,-14,269
1990,1211,20,4,1327,269,1563,246,-236,23
1990,1212,19,7,1442,604,1689,561,-247,43
1990,1215,19,6,1353,424,1614,412,-261,12
1990,1216,11,17,696,1236,782,1055,-86,181
1990,1217,14,10,1019,836,1281,736,-262,100
1990,1218,9,21,587,1607,647,1382,-60,225
1990,1220,15,12,947,882,1095,785,-148,97
1990,1221,5,23,416,1977,456,1664,-40,313
1990,1222,7,24,507,2003,577,1724,-70,279
1990,1224,20,8,1297,633,1556,571,-259,62
1990,1225,5,22,345,1723,398,1351,-53,372
1990,1226,21,4,1342,328,1655,285,-313,43
1990,1227,12,14,746,1021,855,903,-109,118
1990,1228,7,20,501,1685,564,1380,-63,305
1990,1229,12,18,805,1360,920,1211,-115,149
1990,1231,10,18,676,1526,770,1219,-94,307
1990,1232,20,7,1189,454,1428,389,-239,65
1990,1233,15,13,881,892,1090,811,-209,81
1990,1234,16,12,1205,907,1455,789,-250,118
1990,1235,18,10,1436,951,1674,816,-238,135
1990,1238,19,6,1458,473,1662,422,-204,51
1990,1239,16,13,1162,1056,1368,919,-206,137
1990,1241,10,20,729,1551,813,1282,-84,269
1990,1242,4,27,313,2526,367,1913,-54,613
1990,1243,14,17,920,1316,1063,1045,-143,271
1990,1245,7,20,445,1526,535,1318,-90,208
1990,1246,14,14,1179,1309,1350,1111,-171,198
1990,1247,1,29,116,2484,121,2020,-5,464
1990,1248,13,14,804,1073,941,935,-137,138
1990,1249,21,6,1446,421,1815,364,-369,57
1990,1250,12,16,808,1322,943,1124,-135,198
1990,1251,16,8,1118,603,1278,528,-160,75
1990,1253,8,22,588,1797,708,1553,-120,244
1990,1254,23,2,1743,158,2017,142,-274,16
1990,1256,7,20,534,1626,597,1371,-63,255
1990,1257,7,25,528,2178,577,1783,-49,395
1990,1258,5,23,589,2906,632,2428,-43,478
1990,1259,24,3,1561,204,1815,180,-254,24
1990,1260,22,7,1403,496,1658,446,-255,50
1990,1261,8,21,629,2049,680,1726,-51,323
1990,1263,17,11,1062,837,1268,760,-206,77
1990,1264,17,11,1103,805,1350,692,-247,113
1990,1265,11,16,738,1225,826,1039,-88,186
1990,1266,13,15,895,1180,993,937,-98,243
1990,1267,13,13,917,1018,1039,898,-122,120
1990,1268,13,17,962,1518,1075,1259,-113,259
1990,1269,12,17,843,1321,943,1077,-100,244
1990,1270,13,14,802,1048,978,909,-176,139
1990,1271,15,9,1140,699,1332,639,-192,60
1990,1272,11,18,797,1498,890,1251,-93,247
1990,1273,20,5,1200,331,1513,299,-313,32
1990,1274,15,13,957,1057,1262,870,-305,187
1990,1275,15,14,1038,1230,1202,1006,-164,224
1990,1276,7,21,499,1875,541,1569,-42,306
1990,1277,5,26,337,2038,363,1755,-26,283
1990,1278,8,20,601,1741,660,1393,-59,348
1990,1279,16,13,1175,1027,1362,910,-187,117
1990,1280,13,14,917,1171,1050,1002,-133,169
1990,1281,5,23,396,2007,463,1771,-67,236
1990,1282,15,10,1029,877,1198,742,-169,135
1990,1283,6,22,401,1758,432,1388,-31,370
1990,1284,12,17,733,1211,801,1017,-68,194
1990,1285,11,15,665,1147,755,944,-90,203
1990,1286,12,15,855,1183,991,1062,-136,121
1990,1287,13,14,930,1157,1047,1035,-117,122
1990,1288,19,7,1358,596,1619,523,-261,73
1990,1290,17,9,1294,855,1556,766,-262,89
1990,1291,12,16,828,1333,979,1199,-151,134
1990,1292,15,10,1037,871,1208,770,-171,101
1990,1293,8,19,579,1414,649,1274,-70,140
1990,1296,11,16,630,1048,752,888,-122,160
1990,1298,23,5,1540,362,1789,297,-249,65
1990,1299,16,10,1100,796,1247,699,-147,97
1990,1301,12,18,972,1498,1044,1208,-72,290
1990,1304,18,10,1331,928,1636,774,-305,154
1990,1305,13,14,951,1113,1138,958,-187,155
1990,1306,23,5,1367,336,1689,317,-322,19
1990,1307,12,16,832,1263,942,986,-110,277
1990,1308,4,24,299,1928,346,1666,-47,262
1990,1309,10,18,617,1371,699,1159,-82,212
1990,1310,22,6,1474,441,1774,398,-300,43
1990,1311,22,2,1503,150,1905,146,-402,4
1990,1314,12,19,930,1643,1049,1358,-119,285
1990,1317,25,5,1786,390,2207,333,-421,57
1990,1318,12,15,847,1218,964,1059,-117,159
1990,1319,20,5,1250,341,1583,316,-333,25
1990,1320,8,20,516,1616,601,1409,-85,207
1990,1321,19,7,1389,616,1662,507,-273,109
1990,1322,19,10,1337,948,1574,791,-237,157
1990,1323,12,16,868,1368,988,1112,-120,256
1990,1325,16,11,1080,789,1278,703,-198,86
1990,1326,12,16,820,1299,951,1096,-131,203
1990,1328,4,23,289,2423,321,1910,-32,513
1990,1329,13,15,1017,1259,1160,1053,-143,206
1990,1330,14,14,1005,1173,1108,1007,-103,166
1990,1332,13,15,861,1129,1002,1041,-141,88
1990,1333,6,22,457,1762,525,1496,-68,266
1990,1334,14,13,927,888,1090,798,-163,90
1990,1335,14,12,937,900,1051,798,-114,102
1990,1336,8,20,467,1472,554,1249,-87,223
1990,1337,11,16,817,1454,935,1252,-118,202
1990,1338,17,12,1297,1130,1428,980,-131,150
1990,1339,17,10,1176,738,1430,642,-254,96
1990,1341,18,6,1313,452,1557,420,-244,32
1990,1343,6,18,326,1161,350,875,-24,286
1990,1344,11,17,893,1456,979,1179,-86,277
1990,1345,7,21,471,1537,518,1310,-47,227
1990,1347,19,6,1269,435,1532,359,-263,76
1990,1348,13,14,937,1139,1056,969,-119,170
1990,1349,17,10,1263,723,1423,630,-160,93
1990,1350,9,22,549,1645,648,1445,-99,200
1990,1351,17,10,1093,770,1396,726,-303,44
1990,1352,7,21,470,1660,540,1410,-70,250
1990,1353,16,15,1136,1188,1282,1032,-146,156
1990,1354,15,10,1083,817,1234,745,-151,72
1990,1356,7,24,516,1965,563,1649,-47,316
1990,1358,18,10,1321,843,1619,716,-298,127
1990,1359,21,5,1521,377,1830,323,-309,54
1990,1360,12,15,940,1194,1082,965,-142,229
1990,1361,18,11,1034,823,1262,724,-228,99
1990,1362,20,8,1467,639,1712,562,-245,77
1990,1363,20,8,1370,559,1606,508,-236,51
1990,1364,8,20,584,1555,636,1262,-52,293
1990,1365,19,8,1214,568,1444,465,-230,103
1990,1371,16,11,1067,841,1227,733,-160,108
1990,1372,25,2,1699,144,2212,129,-513,15
1990,1373,13,15,1002,1180,1179,1035,-177,145
1990,1374,18,10,1020,631,1266,564,-246,67
1990,1375,17,11,1295,908,1477,776,-182,132
1990,1376,14,14,879,943,1047,824,-168,119
1990,1378,10,20,692,1674,828,1425,-136,249
1990,1379,11,20,824,1714,931,1512,-107,202
1990,1380,5,21,397,2141,447,1776,-50,365
1990,1381,14,10,1118,953,1304,831,-186,122
1990,1382,20,8,1339,628,1674,553,-335,75
1990,1383,18,8,1260,650,1532,596,-272,54
1990,1384,11,16,767,1336,897,1212,-130,124
1990,1385,9,23,576,1711,648,1462,-72,249
1990,1386,21,7,1375,550,1680,485,-305,65
1990,1387,10,17,682,1307,752,1109,-70,198
1990,1388,20,7,1280,520,1630,487,-350,33
1990,1389,14,12,848,846,970,757,-122,89
1990,1390,11,17,688,1199,811,974,-123,225
1990,1391,17,14,1310,1191,1537,1034,-227,157
1990,1393,6,23,415,1969,454,1632,-39,337
1990,1395,13,15,882,1176,977,941,-95,235
1990,1396,10,20,632,1431,702,1198,-70,233
1990,1397,13,15,1080,1219,1215,1116,-135,103
1990,1398,20,6,1557,522,1805,465,-248,57
1990,1399,9,16,673,1383,794,1233,-121,150
1990,1400,9,21,804,1993,897,1669,-93,324
1990,1401,16,14,1228,1224,1394,1084,-166,140
1990,1402,15,13,1065,1231,1260,1058,-195,173
1990,1403,22,2,1421,173,1667,125,-246,48
1990,1405,16,12,1028,950,1209,803,-181,147
1990,1406,12,17,873,1436,1037,1254,-164,182
1990,1408,24,4,1679,341,1980,317,-301,24
1990,1409,12,17,814,1355,944,1149,-130,206
1990,1410,9,19,598,1607,683,1392,-85,215
1990,1411,11,17,847,1524,946,1236,-99,288
1990,1412,8,22,608,1820,718,1373,-110,447
1990,1414,23,5,1575,432,1866,390,-291,42
1990,1416,18,6,1168,470,1464,422,-296,48
1990,1417,10,20,783,1643,860,1420,-77,223
1990,1418,9,20,762,1861,835,1636,-73,225
1990,1419,7,22,483,1848,541,1457,-58,391
1990,1420,16,9,1144,709,1405,659,-261,50
1990,1421,11,15,767,1210,926,1040,-159,170
1990,1423,20,7,1220,509,1391,431,-171,78
1990,1424,5,29,415,2753,448,2231,-33,522
1990,1425,16,12,1128,958,1290,810,-162,148
1990,1426,16,13,950,919,1152,810,-202,109
1990,1427,7,20,619,1848,670,1557,-51,291
1990,1428,14,12,901,798,1018,696,-117,102
1990,1429,16,12,1208,890,1381,824,-173,66
1990,1431,10,20,600,1488,687,1247,-87,241
1990,1433,17,10,1039,751,1259,628,-220,123
1990,1434,23,3,1439,257,1824,221,-385,36
1990,1435,14,15,1029,1201,1210,1058,-181,143
1990,1436,17,11,1105,824,1324,725,-219,99
1990,1437,14,18,916,1345,1053,1148,-137,197
1990,1438,11,19,706,1478,826,1282,-120,196
1990,1439,18,13,1353,1028,1584,905,-231,123
1990,1440,15,11,1096,885,1301,762,-205,123
1990,1441,18,6,1255,477,1493,413,-238,64
1990,1442,13,13,843,980,1022,835,-179,145
1990,1443,17,12,1088,874,1305,775,-217,99
1990,1444,18,6,1236,477,1425,429,-189,48
1990,1447,17,10,1132,800,1303,699,-171,101
1990,1448,16,12,1051,876,1207,736,-156,140
1990,1449,17,9,974,651,1146,568,-172,83
1990,1450,22,5,1419,364,1671,305,-252,59
1990,1451,15,12,930,864,1051,739,-121,125
1990,1452,12,16,856,1334,937,1125,-81,209
1990,1453,7,22,369,1520,463,1275,-94,245
1990,1455,19,10,1265,739,1450,619,-185,120
1990,1456,21,4,1385,290,1712,272,-327,18
1990,1457,9,16,566,1199,721,1075,-155,124
1990,1458,17,12,1036,846,1189,714,-153,132
1990,1460,7,18,542,1716,623,1496,-81,220
1990,1461,14,15,915,1173,1034,990,-119,183
1990,1462,4,25,338,2079,365,1741,-27,338
1990,1463,7,17,423,1148,501,981,-78,167
1990,1464,18,6,1313,520,1564,468,-251,52
1991,1102,20,5,1082,368,1336,323,-254,45
1991,1103,13,14,795,1035,937,882,-142,153
1991,1104,9,21,648,1677,717,1418,-69,259
1991,1106,11,15,952,1422,1062,1235,-110,187
1991,1108,19,7,1486,617,1777,536,-291,81
1991,1109,23,2,1957,170,2467,163,-510,7
1991,1110,14,12,997,966,1148,852,-151,114
1991,1111,14,15,1088,1308,1255,1169,-167,139
1991,1112,6,26,413,2354,458,1838,-45,516
1991,1113,9,19,618,1591,721,1324,-103,267
1991,1114,20,9,1402,679,1599,560,-197,119
1991,1116,3,30,268,3031,300,2368,-32,663
1991,1117,8,20,488,1515,574,1263,-86,252
1991,1119,22,6,1317,421,1596,386,-279,35
1991,1120,16,13,1162,1022,1394,908,-232,114
1991,1121,15,13,939,962,1234,830,-295,132
1991,1122,14,13,1097,1154,1268,1026,-171,128
1991,1123,9,17,566,1299,661,1074,-95,225
1991,1124,15,12,1126,1022,1271,803,-145,219
1991,1126,24,5,1780,401,2247,378,-467,23
1991,1129,10,18,625,1302,708,1090,-83,212
1991,1130,19,11,1302,963,1499,766,-197,197
1991,1131,18,11,1170,803,1489,694,-319,109
1991,1132,12,16,841,1293,923,1066,-82,227
1991,1133,20,8,1366,666,1604,572,-238,94
1991,1134,15,8,862,614,1122,527,-260,87
1991,1135,15,9,966,712,1205,618,-239,94
1991,1137,13,17,993,1382,1107,1141,-114,241
1991,1139,10,18,865,1514,971,1317,-106,197
1991,1140,12,20,853,1479,929,1283,-76,196
1991,1141,14,12,830,953,1004,793,-174,160
1991,1143,14,13,1019,1087,1171,903,-152,184
1991,1144,18,6,1029,445,1332,413,-303,32
1991,1145,19,9,1220,659,1464,522,-244,137
1991,1147,12,17,924,1529,1197,1406,-273,123
1991,1148,24,4,1893,342,2302,291,-409,51
1991,1149,17,7,1176,561,1418,476,-242,85
1991,1150,14,14,1160,1320,1331,1166,-171,154
1991,1151,10,17,717,1451,847,1210,-130,241
1991,1152,23,3,1835,312,2332,294,-497,18
1991,1153,11,17,746,1309,827,1048,-81,261
1991,1154,21,3,1433,277,1811,255,-378,22
1991,1155,17,10,1125,839,1352,706,-227,133
1991,1156,16,11,1051,865,1240,772,-189,93
1991,1157,6,23,407,1750,452,1424,-45,326
1991,1159,23,5,1633,372,1968,347,-335,25
1991,1160,13,15,904,1402,1046,1183,-142,219
1991,1161,14,14,751,965,886,821,-135,144
1991,1162,19,6,1164,448,1416,409,-252,39
1991,1163,10,17,659,1332,748,1030,-89,302
1991,1164,10,18,695,1604,766,1204,-71,400
1991,1165,12,12,733,928,978,825,-245,103
1991,1166,7,23,494,1835,566,1536,-72,299
1991,1168,14,13,1039,1111,1215,1017,-176,94
1991,1169,19,7,1388,675,1755,556,-367,119
1991,1171,17,8,1103,574,1286,499,-183,75
1991,1172,18,9,1145,624,1364,531,-219,93
1991,1173,15,14,1185,1289,1329,1099,-144,190
1991,1174,13,15,865,1266,975,1124,-110,142
1991,1175,11,16,851,1605,998,1382,-147,223
1991,1177,8,20,584,1647,645,1312,-61,335
1991,1178,18,9,1221,715,1381,625,-160,90
1991,1179,21,8,1442,631,1755,576,-313,55
1991,1180,16,12,1202,979,1361,853,-159,126
1991,1181,7,26,562,2362,638,1813,-76,549
1991,1182,15,13,1041,1108,1211,1003,-170,105
1991,1183,12,15,773,1151,903,992,-130,159
1991,1184,10,16,693,1274,811,1111,-118,163
1991,1185,6,22,433,1734,462,1411,-29,323
1991,1186,16,11,1200,984,1390,824,-190,160
1991,1187,16,10,1056,729,1277,601,-221,128
1991,1190,4,25,349,2367,375,1914,-26,453
1991,1191,14,14,888,1139,1081,969,-193,170
1991,1192,8,22,551,1787,633,1487,-82,300
1991,1193,20,8,1312,691,1579,607,-267,84
1991,1196,17,10,1160,804,1348,692,-188,112
1991,1197,14,16,958,1373,1201,1228,-243,145
1991,1198,21,5,1478,423,1902,388,-424,35
1991,1199,10,20,742,1660,874,1401,-132,259
1991,1200,7,23,447,1802,503,1618,-56,184
1991,1201,16,14,1261,1246,1503,1071,-242,175
1991,1202,8,17,556,1452,645,1238,-89,214
1991,1203,11,19,776,1569,861,1324,-85,245
1991,1204,13,14,930,1128,1005,991,-75,137
1991,1206,16,14,1153,1145,1292,1010,-139,135
1991,1207,12,14,712,965,815,815,-103,150
1991,1208,12,16,892,1421,971,1040,-79,381
1991,1209,14,16,1069,1307,1203,1107,-134,200
1991,1210,12,16,869,1457,983,1192,-114,265
1991,1211,14,13,916,1117,1071,928,-155,189
1991,1212,22,6,1703,607,2223,557,-520,50
1991,1216,16,13,1088,960,1225,818,-137,142
1991,1217,17,8,1271,626,1529,568,-258,58
1991,1218,13,15,850,1166,996,1070,-146,96
1991,1220,14,14,913,984,1016,860,-103,124
1991,1221,12,17,882,1428,960,1259,-78,169
1991,1222,10,18,700,1556,779,1280,-79,276
1991,1224,20,8,1514,724,1683,626,-169,98
1991,1225,11,17,719,1297,850,1111,-131,186
1991,1226,18,10,1373,874,1641,797,-268,77
1991,1227,15,13,948,1016,1171,877,-223,139
1991,1228,10,20,655,1645,808,1449,-153,196
1991,1229,23,4,1416,262,1766,235,-350,27
1991,1231,4,27,333,2323,347,1795,-14,528
1991,1232,14,14,896,1036,1045,890,-149,146
1991,1233,13,17,906,1328,1035,1144,-129,184
1991,1234,10,18,676,1452,751,1270,-75,182
1991,1235,19,11,1383,949,1659,853,-276,96
1991,1238,13,17,1010,1469,1188,1276,-178,193
1991,1239,22,5,1488,423,1792,395,-304,28
1991,1241,9,19,613,1503,704,1294,-91,209
1991,1242,7,21,523,1858,575,1396,-52,462
1991,1243,15,12,1086,962,1232,763,-146,199
1991,1245,18,9,1036,633,1235,522,-199,111
1991,1246,6,22,505,1900,547,1639,-42,261
1991,1247,9,19,611,1658,710,1412,-99,246
1991,1248,21,6,1330,460,1548,395,-218,65
1991,1249,13,15,975,1425,1129,1151,-154,274
1991,1250,10,19,689,1612,816,1436,-127,176
1991,1251,22,2,1415,124,1678,98,-263,26
1991,1253,17,11,1178,920,1411,808,-233,112
1991,1254,18,10,1291,819,1605,758,-314,61
1991,1256,9,21,680,1745,782,1401,-102,344
1991,1257,16,14,1113,1199,1269,1033,-156,166
1991,1258,15,14,1438,1518,1729,1326,-291,192
1991,1259,16,12,1094,916,1332,809,-238,107
1991,1260,19,10,1357,813,1639,708,-282,105
1991,1261,9,19,714,1836,781,1495,-67,341
1991,1263,16,13,1046,1005,1264,874,-218,131
1991,1264,15,13,1049,944,1247,799,-198,145
1991,1265,22,6,1392,489,1672,447,-280,42
1991,1266,18,11,1272,848,1488,660,-216,188
1991,1267,14,13,1066,1145,1234,1031,-168,114
1991,1268,12,16,896,1349,1065,1157,-169,192
1991,1269,11,16,758,1295,803,1124,-45,171
1991,1270,18,7,1138,531,1327,462,-189,69
1991,1271,23,4,1650,364,2080,305,-430,59
1991,1272,14,16,1048,1261,1185,1058,-137,203
1991,1273,25,2,1555,133,2092,121,-537,12
1991,1274,19,9,1310,717,1509,569,-199,148
1991,1275,12,16,844,1381,979,1151,-135,230
1991,1276,14,14,960,1089,1101,943,-141,146
1991,1277,10,18,674,1322,784,1140,-110,182
1991,1278,16,12,1065,936,1203,762,-138,174
1991,1279,19,9,1336,730,1564,615,-228,115
1991,1280,8,20,584,1702,686,1411,-102,291
1991,1281,10,19,719,1596,830,1287,-111,309
1991,1282,13,12,960,1065,1128,916,-168,149
1991,1283,11,21,757,1578,833,1320,-76,258
1991,1284,10,19,615,1333,702,1136,-87,197
1991,1285,7,21,457,1764,544,1504,-87,260
1991,1286,16,10,1200,851,1396,741,-196,110
1991,1287,13,14,846,1183,1053,1090,-207,93
1991,1288,22,7,1547,580,1955,526,-408,54
1991,1290,17,6,1386,559,1635,486,-249,73
1991,1291,19,8,1464,674,1690,603,-226,71
1991,1292,9,19,639,1635,705,1424,-66,211
1991,1293,7,23,484,1877,522,1554,-38,323
1991,1296,5,24,259,1708,327,1314,-68,394
1991,1298,21,8,1681,757,1894,681,-213,76
1991,1299,10,14,803,1152,922,1019,-119,133
1991,1301,10,19,803,1788,936,1493,-133,295
1991,1302,25,2,1806,197,2364,190,-558,7
1991,1304,7,26,515,2378,594,1989,-79,389
1991,1305,14,16,927,1250,1092,1099,-165,151
1991,1306,25,3,1456,201,1885,173,-429,28
1991,1307,9,19,570,1606,629,1368,-59,238
1991,1308,5,22,399,1783,443,1444,-44,339
1991,1309,7,22,463,1705,531,1388,-68,317
1991,1310,20,8,1275,597,1551,558,-276,39
1991,1311,25,3,1922,300,2380,283,-458,17
1991,1314,5,25,388,2253,418,1736,-30,517
1991,1317,13,17,1149,1499,1291,1343,-142,156
1991,1318,10,22,705,1770,797,1523,-92,247
1991,1319,23,3,1651,232,2119,204,-468,28
1991,1320,17,12,1061,863,1246,762,-185,101
1991,1321,23,3,1567,261,1914,239,-347,22
1991,1322,21,5,1495,372,1690,345,-195,27
1991,1323,20,12,1334,899,1596,781,-262,118
1991,1325,12,15,705,1043,881,906,-176,137
1991,1326,3,25,197,2191,227,1658,-30,533
1991,1328,14,14,1232,1412,1369,1149,-137,263
1991,1329,7,22,521,1825,554,1374,-33,451
1991,1330,18,14,1272,1153,1411,996,-139,157
1991,1332,15,13,1125,1003,1281,899,-156,104
1991,1333,14,14,944,1140,1162,999,-218,141
1991,1334,15,14,1031,1098,1168,957,-137,141
1991,1335,17,9,1107,660,1305,586,-198,74
1991,1336,10,20,676,1558,757,1311,-81,247
1991,1337,8,21,542,1682,643,1419,-101,263
1991,1338,11,18,822,1617,912,1361,-90,256
1991,1339,22,5,1647,389,1995,360,-348,29
1991,1341,21,1,1696,99,2298,90,-602,9
1991,1343,2,23,88,1466,128,1097,-40,369
1991,1344,12,17,905,1519,1024,1231,-119,288
1991,1345,11,17,658,1288,756,1086,-98,202
1991,1347,7,18,460,1402,561,1201,-101,201
1991,1348,17,10,1145,825,1380,722,-235,103
1991,1349,13,15,908,1175,1054,999,-146,176
1991,1350,9,20,585,1501,701,1267,-116,234
1991,1351,16,14,1012,1088,1197,956,-185,132
1991,1352,11,17,802,1462,905,1231,-103,231
1991,1353,9,18,635,1414,775,1254,-140,160
1991,1354,13,13,915,1095,1051,937,-136,158
1991,1356,13,16,911,1361,964,1083,-53,278
1991,1358,20,5,1486,371,1793,346,-307,25
1991,1359,22,6,1488,440,1885,407,-397,33
1991,1360,12,16,888,1414,979,1180,-91,234
1991,1361,16,11,1014,831,1195,734,-181,97
1991,1362,17,11,1209,910,1474,834,-265,76
1991,1363,20,7,1306,532,1642,505,-336,27
1991,1364,15,14,1019,1066,1179,901,-160,165
1991,1365,13,15,851,1185,965,991,-114,194
1991,1368,19,9,1346,709,1714,638,-368,71
1991,1371,8,21,531,1732,583,1423,-52,309
1991,1372,16,11,968,808,1131,705,-163,103
1991,1373,9,22,650,1858,728,1455,-78,403
1991,1374,17,12,1115,939,1294,801,-179,138
1991,1375,8,21,671,1904,727,1660,-56,244
1991,1376,12,18,710,1362,831,1108,-121,254
1991,1378,10,19,704,1447,762,1282,-58,165
1991,1379,7,20,528,1717,588,1516,-60,201
1991,1380,9,16,747,1797,847,1468,-100,329
1991,1381,12,13,996,1239,1102,995,-106,244
1991,1382,23,4,1558,379,1988,325,-430,54
1991,1383,14,15,1074,1254,1207,1095,-133,159
1991,1384,7,24,568,2028,618,1757,-50,271
1991,1385,8,20,532,1488,606,1278,-74,210
1991,1386,17,13,1268,1121,1447,995,-179,126
1991,1387,14,18,1048,1470,1251,1279,-203,191
1991,1388,16,13,1139,1041,1269,963,-130,78
1991,1389,6,24,366,1756,417,1464,-51,292
1991,1390,13,15,882,1263,1010,982,-128,281
1991,1391,16,15,1129,1157,1243,973,-114,184
1991,1393,5,25,367,2142,408,1814,-41,328
1991,1395,10,18,648,1396,812,1180,-164,216
1991,1396,9,21,583,1505,655,1257,-72,248
1991,1397,21,12,1560,1050,1804,898,-244,152
1991,1398,22,4,1689,344,2029,322,-340,22
1991,1399,16,10,1277,875,1443,765,-166,110
1991,1400,8,22,649,1979,746,1657,-97,322
1991,1401,21,7,1441,541,1788,465,-347,76
1991,1402,17,8,1270,666,1522,587,-252,79
1991,1403,22,6,1398,455,1618,392,-220,63
1991,1405,16,15,1038,1197,1271,1033,-233,164
1991,1406,10,19,726,1516,838,1358,-112,158
1991,1408,13,15,943,1240,1041,1024,-98,216
1991,1409,11,18,782,1430,866,1146,-84,284
1991,1410,21,7,1435,613,1784,528,-349,85
1991,1411,16,13,1175,1123,1388,967,-213,156
1991,1412,12,17,891,1479,1048,1253,-157,226
1991,1414,19,11,1473,1071,1799,971,-326,100
1991,1416,16,9,1117,785,1325,672,-208,113
1991,1417,8,22,641,2164,705,1758,-64,406
1991,1418,10,21,747,2077,843,1748,-96,329
1991,1419,7,25,532,2164,614,1762,-82,402
1991,1420,22,6,1430,450,1805,420,-375,30
1991,1421,19,5,1293,425,1599,376,-306,49
1991,1423,16,10,1037,775,1236,662,-199,113
1991,1424,,30,,3022,,2154,,868
1991,1425,9,19,679,1608,758,1315,-79,293
1991,1426,9,18,730,1710,901,1491,-171,219
1991,1427,7,21,567,2019,686,1620,-119,399
1991,1428,3,25,176,1855,200,1578,-24,277
1991,1429,17,11,1376,901,1590,778,-214,123
1991,1431,13,14,835,1009,939,820,-104,189
1991,1433,17,13,1231,1034,1461,905,-230,129
1991,1434,22,5,1266,355,1610,325,-344,30
1991,1435,12,17,763,1377,924,1122,-161,255
1991,1436,13,13,872,1020,982,915,-110,105
1991,1437,14,16,985,1229,1108,1088,-123,141
1991,1438,11,21,745,1660,863,1338,-118,322
1991,1439,16,13,1115,1018,1355,944,-240,74
1991,1440,18,8,1195,646,1461,582,-266,64
1991,1441,17,7,1325,597,1570,533,-245,64
1991,1442,15,11,1001,904,1191,833,-190,71
1991,1443,14,14,1143,1215,1313,1069,-170,146
1991,1444,22,4,1429,296,1714,257,-285,39
1991,1447,26,4,1824,309,2185,292,-361,17
1991,1448,10,18,782,1474,881,1206,-99,268
1991,1449,14,12,820,921,1003,776,-183,145
1991,1450,12,12,808,1068,950,924,-142,144
1991,1451,16,11,1052,969,1189,815,-137,154
1991,1452,13,16,1046,1496,1148,1192,-102,304
1991,1453,6,22,354,1533,388,1336,-34,197
1991,1454,10,17,771,1514,839,1299,-68,215
1991,1455,17,14,984,1068,1291,934,-307,134
1991,1456,15,11,1009,778,1165,695,-156,83
1991,1457,17,7,949,551,1298,485,-349,66
1991,1458,13,13,832,994,968,836,-136,158
1991,1460,8,18,607,1793,749,1570,-142,223
1991,1461,11,16,865,1367,936,1160,-71,207
1991,1462,9,21,699,1753,775,1473,-76,280
1991,1463,11,14,560,991,659,814,-99,177
1991,1464,16,8,1235,741,1426,653,-191,88
1992,1102,20,5,1167,355,1441,298,-274,57
1992,1103,12,15,758,1093,913,982,-155,111
1992,1104,8,25,584,2018,677,1703,-93,315
1992,1106,13,11,1007,1027,1155,861,-148,166
1992,1108,14,14,1052,1252,1262,1081,-210,171
1992,1110,18,11,1265,875,1509,780,-244,95
1992,1111,14,13,995,1036,1130,906,-135,130
1992,1112,6,24,430,2119,452,1595,-22,524
1992,1113,13,18,815,1314,1008,1148,-193,166
1992,1114,13,16,902,1217,1030,1039,-128,178
1992,1116,7,22,546,2034,590,1658,-44,376
1992,1117,11,17,674,1185,783,1040,-109,145
1992,1119,24,4,1242,241,1586,215,-344,26
1992,1120,15,9,1163,831,1327,706,-164,125
1992,1122,17,9,1271,807,1529,753,-258,54
1992,1123,8,20,468,1420,529,1145,-61,275
1992,1124,15,13,1016,1026,1165,854,-149,172
1992,1126,24,4,1650,365,2239,332,-589,33
1992,1129,13,15,803,1113,942,949,-139,164
1992,1130,13,16,913,1271,1050,989,-137,282
1992,1131,18,9,1183,660,1484,601,-301,59
1992,1132,14,13,883,858,996,720,-113,138
1992,1133,23,7,1179,480,1496,410,-317,70
1992,1134,23,5,1449,422,1858,335,-409,87
1992,1135,15,10,941,746,1157,677,-216,69
1992,1137,9,20,653,1682,730,1446,-77,236
1992,1138,26,2,1595,142,2183,125,-588,17
1992,1139,9,21,668,1778,782,1546,-114,232
1992,1140,6,25,466,2018,510,1623,-44,395
1992,1141,16,8,1086,628,1332,514,-246,114
1992,1143,18,10,1286,833,1505,650,-219,183
1992,1144,11,15,743,1016,844,874,-101,142
1992,1145,22,6,1499,494,1770,426,-271,68
1992,1147,18,7,1399,638,1699,578,-300,60
1992,1148,21,7,1430,627,1907,542,-477,85
1992,1149,14,12,841,841,1026,749,-185,92
1992,1150,8,21,545,1641,620,1403,-75,238
1992,1151,7,20,489,1633,555,1405,-66,228
1992,1152,20,5,1453,457,1904,434,-451,23
1992,1153,4,25,284,2007,317,1518,-33,489
1992,1154,18,7,1216,518,1568,447,-352,71
1992,1155,14,12,1007,962,1199,779,-192,183
1992,1156,13,15,833,1112,1008,931,-175,181
1992,1157,19,8,1143,540,1396,478,-253,62
1992,1158,8,15,516,1094,574,887,-58,207
1992,1159,14,14,896,1087,1090,958,-194,129
1992,1160,15,13,977,1017,1169,867,-192,150
1992,1161,17,11,996,796,1231,687,-235,109
1992,1162,16,9,1047,713,1205,612,-158,101
1992,1163,9,19,600,1630,691,1299,-91,331
1992,1164,13,14,949,1209,1041,1007,-92,202
1992,1165,19,6,1248,440,1471,351,-223,89
1992,1166,19,9,1236,570,1455,505,-219,65
1992,1168,16,12,1086,1035,1244,904,-158,131
1992,1169,17,9,1065,736,1333,676,-268,60
1992,1170,23,3,1660,262,2067,251,-407,11
1992,1171,16,9,816,575,1047,516,-231,59
1992,1172,17,8,1115,520,1303,465,-188,55
1992,1173,15,15,959,1191,1153,994,-194,197
1992,1174,3,25,241,2037,286,1678,-45,359
1992,1175,15,11,1047,940,1300,851,-253,89
1992,1177,8,20,555,1725,657,1470,-102,255
1992,1178,17,12,1272,997,1453,813,-181,184
1992,1179,21,5,1223,313,1461,266,-238,47
1992,1180,14,16,949,1221,1123,1004,-174,217
1992,1181,2,28,141,2532,147,2079,-6,453
1992,1182,15,12,1065,1026,1239,892,-174,134
1992,1183,13,16,825,1147,956,1027,-131,120
1992,1184,13,16,858,1300,1049,1091,-191,209
1992,1185,22,7,1420,543,1664,467,-244,76
1992,1186,21,5,1389,412,1640,352,-251,60
1992,1187,18,7,1199,561,1448,486,-249,75
1992,1190,5,21,407,1805,457,1512,-50,293
1992,1191,5,24,359,1961,415,1561,-56,400
1992,1192,14,14,846,1095,1015,984,-169,111
1992,1193,20,8,1300,610,1575,499,-275,111
1992,1196,12,16,755,1155,877,976,-122,179
1992,1197,13,14,927,1208,1058,1041,-131,167
1992,1198,17,7,1136,561,1382,477,-246,84
1992,1199,9,19,662,1673,745,1432,-83,241
1992,1200,12,18,764,1383,883,1134,-119,249
1992,1201,16,15,1091,1200,1252,1032,-161,168
1992,1202,10,15,698,1242,795,1042,-97,200
1992,1203,12,16,825,1227,974,1092,-149,135
1992,1204,5,21,412,1918,445,1589,-33,329
1992,1206,21,6,1363,440,1648,396,-285,44
1992,1207,9,17,586,1233,665,997,-79,236
1992,1208,14,14,984,1133,1088,951,-104,182
1992,1209,14,13,1149,1042,1278,872,-129,170
1992,1210,11,21,805,1785,910,1477,-105,308
1992,1211,10,18,671,1335,743,1187,-72,148
1992,1212,21,4,1603,390,2006,337,-403,53
1992,1216,21,6,1289,415,1537,372,-248,43
1992,1217,19,6,1217,407,1590,362,-373,45
1992,1218,12,16,763,1230,878,1066,-115,164
1992,1220,9,20,507,1598,604,1330,-97,268
1992,1221,11,17,809,1496,917,1250,-108,246
1992,1222,5,24,322,1926,368,1625,-46,301
1992,1224,12,17,774,1259,978,1075,-204,184
1992,1225,13,16,795,1335,976,1164,-181,171
1992,1226,20,9,1490,857,1721,771,-231,86
1992,1227,14,15,998,1217,1124,1022,-126,195
1992,1228,15,13,941,1043,1075,879,-134,164
1992,1229,11,18,699,1211,805,1061,-106,150
1992,1231,6,23,392,1993,439,1431,-47,562
1992,1232,15,13,843,854,1070,687,-227,167
1992,1233,15,14,1062,1086,1235,960,-173,126
1992,1234,10,18,714,1550,790,1199,-76,351
1992,1235,12,17,775,1508,922,1203,-147,305
1992,1238,16,10,1171,853,1354,742,-183,111
1992,1239,17,12,1235,1027,1460,898,-225,129
1992,1241,10,21,693,1763,797,1359,-104,404
1992,1242,4,24,281,2085,300,1630,-19,455
1992,1243,13,13,800,1038,1082,822,-282,216
1992,1245,19,8,1109,561,1280,459,-171,102
1992,1246,6,26,435,2266,531,1801,-96,465
1992,1247,10,20,659,1751,728,1436,-69,315
1992,1248,20,7,1277,513,1545,430,-268,83
1992,1249,19,11,1399,1054,1632,784,-233,270
1992,1250,15,13,1223,1097,1382,941,-159,156
1992,1251,7,19,478,1478,526,1214,-48,264
1992,1253,11,16,707,1285,833,1137,-126,148
1992,1254,18,11,1432,887,1706,798,-274,89
1992,1256,8,21,534,1781,603,1423,-69,358
1992,1257,10,18,708,1466,793,1250,-85,216
1992,1258,13,14,1126,1352,1260,1203,-134,149
1992,1259,14,14,952,1056,1081,932,-129,124
1992,1260,16,13,1025,1103,1241,902,-216,201
1992,1261,9,20,668,1872,760,1422,-92,450
1992,1263,15,16,936,1138,1097,963,-161,175
1992,1264,8,23,543,1723,650,1442,-107,281
1992,1265,20,10,1342,850,1507,717,-165,133
1992,1266,13,16,743,1262,870,907,-127,355
1992,1267,21,5,1450,410,1711,378,-261,32
1992,1268,15,14,1138,1212,1300,989,-162,223
1992,1269,4,27,270,2279,326,1849,-56,430
1992,1270,21,6,1458,471,1826,406,-368,65
1992,1271,24,2,1538,152,2116,137,-578,15
1992,1272,10,20,664,1561,753,1352,-89,209
1992,1273,18,10,1215,815,1442,665,-227,150
1992,1274,24,6,1378,401,1692,348,-314,53
1992,1275,7,21,405,1488,493,1237,-88,251
1992,1276,8,20,544,1651,626,1358,-82,293
1992,1277,7,21,463,1630,559,1380,-96,250
1992,1278,15,16,994,1228,1207,933,-213,295
1992,1279,17,10,1301,867,1523,676,-222,191
1992,1280,13,14,942,1127,1120,937,-178,190
1992,1281,8,19,579,1530,673,1189,-94,341
1992,1282,8,17,498,1393,597,1100,-99,293
1992,1283,7,22,379,1489,427,1218,-48,271
1992,1284,9,20,504,1367,583,1116,-79,251
1992,1285,3,25,195,1942,236,1553,-41,389
1992,1286,14,12,1021,998,1156,862,-135,136
1992,1287,15,11,1230,969,1449,833,-219,136
1992,1288,23,6,1594,527,2233,463,-639,64
1992,1290,11,14,798,1292,981,1056,-183,236
1992,1291,22,6,1674,493,1995,442,-321,51
1992,1292,11,12,828,915,936,800,-108,115
1992,1293,12,16,914,1430,1040,1210,-126,220
1992,1296,17,10,1184,822,1351,745,-167,77
1992,1298,22,5,1558,410,1792,334,-234,76
1992,1299,9,16,647,1283,734,1128,-87,155
1992,1301,18,11,1275,949,1495,851,-220,98
1992,1302,20,6,1391,495,1717,451,-326,44
1992,1304,9,19,665,1604,808,1321,-143,283
1992,1305,10,18,753,1599,894,1369,-141,230
1992,1306,21,7,1287,482,1669,455,-382,27
1992,1307,11,18,676,1437,770,1185,-94,252
1992,1308,7,22,478,1750,538,1522,-60,228
1992,1309,14,17,843,1230,987,1035,-144,195
1992,1310,14,14,909,1077,1080,904,-171,173
1992,1311,13,15,855,1181,1068,1044,-213,137
1992,1314,9,21,730,1819,833,1463,-103,356
1992,1317,14,14,1130,1160,1243,987,-113,173
1992,1318,19,9,1201,655,1427,560,-226,95
1992,1319,20,6,1399,456,1841,427,-442,29
1992,1320,18,9,1039,699,1249,607,-210,92
1992,1321,19,7,1208,536,1522,432,-314,104
1992,1322,13,11,1095,1054,1254,885,-159,169
1992,1323,14,14,887,1079,1091,978,-204,101
1992,1325,10,16,649,1190,739,1002,-90,188
1992,1326,5,23,390,1877,416,1464,-26,413
1992,1328,8,18,620,1791,685,1441,-65,350
1992,1329,7,23,445,1762,505,1387,-60,375
1992,1330,14,14,978,1110,1187,1036,-209,74
1992,1332,21,4,1271,300,1713,266,-442,34
1992,1333,16,13,1077,1057,1267,883,-190,174
1992,1334,16,12,1056,950,1211,787,-155,163
1992,1335,10,16,634,1263,720,1069,-86,194
1992,1336,7,21,475,1589,535,1287,-60,302
1992,1337,5,23,348,1778,409,1470,-61,308
1992,1338,15,17,1043,1407,1189,1142,-146,265
1992,1339,17,8,1296,683,1509,602,-213,81
1992,1341,26,,1650,,2562,,-912,
1992,1343,5,20,258,1206,285,913,-27,293
1992,1344,16,14,1151,1102,1284,914,-133,188
1992,1345,14,16,880,1162,1073,954,-193,208
1992,1347,9,18,661,1401,755,1212,-94,189
1992,1348,9,20,650,1628,718,1331,-68,297
1992,1349,11,18,759,1444,848,1154,-89,290
1992,1350,7,22,431,1697,484,1385,-53,312
1992,1351,12,16,761,1242,908,1058,-147,184
1992,1352,11,19,746,1504,867,1260,-121,244
1992,1353,14,15,1034,1271,1172,1036,-138,235
1992,1354,15,13,957,1020,1084,847,-127,173
1992,1356,7,22,471,1687,522,1465,-51,222
1992,1358,25,2,1540,164,2098,150,-558,14
1992,1359,18,10,1017,646,1282,560,-265,86
1992,1360,14,13,847,1008,986,886,-139,122
1992,1361,26,2,1659,173,2045,150,-386,23
1992,1362,16,13,1200,1128,1351,979,-151,149
1992,1363,24,2,1529,119,1881,112,-352,7
1992,1364,8,19,536,1359,632,1164,-96,195
1992,1365,14,13,848,957,1001,831,-153,126
1992,1368,22,6,1576,513,1932,429,-356,84
1992,1369,16,10,1118,787,1316,704,-198,83
1992,1371,8,20,511,1548,585,1299,-74,249
1992,1372,12,13,810,904,913,776,-103,128
1992,1373,10,18,660,1391,800,1173,-140,218
1992,1374,18,9,1134,591,1342,530,-208,61
1992,1375,14,14,1098,1312,1247,1073,-149,239
1992,1376,17,10,1042,761,1209,619,-167,142
1992,1378,8,19,514,1549,630,1329,-116,220
1992,1379,16,12,1122,973,1327,813,-205,160
1992,1380,12,14,957,1395,1105,1182,-148,213
1992,1381,8,16,629,1432,720,1193,-91,239
1992,1382,19,8,1214,601,1547,548,-333,53
1992,1383,14,15,887,1183,1038,1082,-151,101
1992,1384,16,12,978,987,1234,883,-256,104
1992,1385,10,19,645,1440,723,1171,-78,269
1992,1386,15,12,1041,1015,1211,918,-170,97
1992,1387,23,5,1576,397,1871,360,-295,37
1992,1388,17,12,1038,849,1219,723,-181,126
1992,1389,21,8,1311,571,1598,494,-287,77
1992,1390,10,18,699,1421,774,1117,-75,304
1992,1391,17,9,1180,775,1432,701,-252,74
1992,1393,9,21,635,1616,713,1416,-78,200
1992,1395,10,22,666,1664,766,1354,-100,310
1992,1396,12,17,741,1307,889,1100,-148,207
1992,1397,14,17,984,1428,1145,1242,-161,186
1992,1398,22,2,1450,141,1813,121,-363,20
1992,1399,15,11,1202,998,1390,844,-188,154
1992,1400,11,22,925,2030,1037,1740,-112,290
1992,1401,22,6,1414,420,1709,374,-295,46
1992,1402,20,5,1150,386,1429,316,-279,70
1992,1403,14,13,1002,990,1113,886,-111,104
1992,1405,20,7,1108,468,1357,398,-249,70
1992,1406,13,16,993,1434,1125,1109,-132,325
1992,1408,8,21,584,1825,638,1477,-54,348
1992,1409,13,16,917,1205,1042,1016,-125,189
1992,1410,26,2,1560,111,1975,109,-415,2
1992,1411,14,13,933,1096,1183,924,-250,172
1992,1412,8,19,511,1626,595,1275,-84,351
1992,1414,22,7,1454,526,1747,452,-293,74
1992,1416,18,10,1257,851,1504,752,-247,99
1992,1417,4,24,297,2054,328,1716,-31,338
1992,1418,10,20,746,1661,831,1423,-85,238
1992,1419,9,16,663,1234,744,1053,-81,181
1992,1420,19,10,1475,900,1746,787,-271,113
1992,1421,18,7,1184,515,1493,484,-309,31
1992,1422,21,7,1199,505,1507,470,-308,35
1992,1423,15,11,1023,890,1179,784,-156,106
1992,1424,2,25,163,1980,181,1571,-18,409
1992,1425,5,22,356,1761,438,1547,-82,214
1992,1426,13,14,880,1242,1018,1031,-138,211
1992,1427,8,18,590,1503,700,1256,-110,247
1992,1428,10,17,609,1178,704,965,-95,213
1992,1429,12,14,858,1118,995,981,-137,137
1992,1431,6,21,377,1571,416,1288,-39,283
1992,1433,15,14,1102,1065,1239,943,-137,122
1992,1434,21,5,1256,359,1571,342,-315,17
1992,1435,14,15,932,1248,1132,1061,-200,187
1992,1436,13,14,861,995,956,835,-95,160
1992,1437,14,14,866,1033,1046,871,-180,162
1992,1438,13,15,787,1144,888,929,-101,215
1992,1439,18,10,1058,764,1256,642,-198,122
1992,1440,18,8,1150,572,1412,506,-262,66
1992,1441,16,8,1148,748,1404,647,-256,101
1992,1442,18,9,1184,752,1419,661,-235,91
1992,1443,10,19,747,1579,836,1365,-89,214
1992,1444,8,21,480,1570,542,1370,-62,200
1992,1447,12,16,839,1172,942,1070,-103,102
1992,1448,11,17,782,1323,878,1027,-96,296
1992,1449,17,8,1026,544,1243,490,-217,54
1992,1450,10,18,712,1552,818,1196,-106,356
1992,1451,13,15,942,1277,1094,1048,-152,229
1992,1452,11,20,863,1611,954,1347,-91,264
1992,1453,4,24,257,1663,294,1253,-37,410
1992,1454,8,18,564,1477,649,1223,-85,254
1992,1455,20,8,1152,558,1439,432,-287,126
1992,1456,19,8,1276,589,1541,522,-265,67
1992,1457,21,3,1231,188,1514,183,-283,5
1992,1458,18,13,1116,1110,1326,881,-210,229
1992,1460,13,14,902,1183,1043,1019,-141,164
1992,1461,13,15,896,1155,991,956,-95,199
1992,1462,12,15,907,1228,1037,1002,-130,226
1992,1463,9,16,509,1115,596,968,-87,147
1992,1464,21,3,1313,232,1640,215,-327,17
1993,1102,19,5,1121,372,1423,298,-302,74
1993,1103,18,6,1072,407,1254,360,-182,47
1993,1104,12,16,833,1302,923,1157,-90,145
1993,1106,11,12,899,1052,1000,923,-101,129
1993,1108,19,7,1430,639,1692,545,-262,94
1993,1110,17,11,1217,914,1385,783,-168,131
1993,1111,15,12,1196,985,1363,867,-167,118
1993,1112,3,24,217,2062,241,1693,-24,369
1993,1113,9,17,696,1522,841,1306,-145,216
1993,1114,12,14,736,1060,965,911,-229,149
1993,1116,8,20,666,1781,736,1449,-70,332
1993,1117,12,15,805,1084,884,896,-79,188
1993,1119,22,4,1279,276,1628,260,-349,16
1993,1120,11,13,829,1095,904,959,-75,136
1993,1122,20,6,1344,424,1702,389,-358,35
1993,1123,7,24,455,1736,517,1460,-62,276
1993,1124,11,14,858,1271,950,1150,-92,121
1993,1126,24,3,1478,254,1888,233,-410,21
1993,1129,7,19,497,1443,551,1244,-54,199
1993,1130,12,16,775,1194,861,991,-86,203
1993,1131,21,6,1420,460,1747,425,-327,35
1993,1132,16,10,939,729,1107,643,-168,86
1993,1133,16,10,895,654,1092,510,-197,144
1993,1135,19,7,1119,495,1417,458,-298,37
1993,1137,6,22,409,1847,481,1538,-72,309
1993,1138,22,5,1425,356,1826,314,-401,42
1993,1139,17,10,1065,744,1324,612,-259,132
1993,1140,8,24,563,2033,632,1673,-69,360
1993,1141,18,6,1257,484,1527,441,-270,43
1993,1143,8,19,567,1589,646,1334,-79,255
1993,1144,13,11,827,890,1015,788,-188,102
1993,1145,18,10,1076,700,1314,586,-238,114
1993,1147,17,6,1311,563,1514,528,-203,35
1993,1148,19,4,1350,347,1671,311,-321,36
1993,1149,18,5,1135,419,1405,368,-270,51
1993,1150,13,15,859,1178,974,992,-115,186
1993,1151,6,22,438,1912,476,1570,-38,342
1993,1152,23,3,1566,258,2131,233,-565,25
1993,1153,4,24,250,1809,284,1337,-34,472
1993,1154,17,10,1034,703,1310,618,-276,85
1993,1155,12,16,859,1369,1020,1144,-161,225
1993,1156,6,22,391,1747,474,1512,-83,235
1993,1157,9,19,630,1499,703,1280,-73,219
1993,1158,8,15,467,1070,553,887,-86,183
1993,1159,10,18,738,1412,812,1236,-74,176
1993,1160,17,10,1125,878,1357,677,-232,201
1993,1161,12,14,771,1099,889,952,-118,147
1993,1162,10,15,680,1111,772,928,-92,183
1993,1163,12,15,796,1229,908,1013,-112,216
1993,1164,7,22,437,1711,537,1364,-100,347
1993,1165,10,15,628,1113,782,947,-154,166
1993,1166,18,8,1098,569,1293,505,-195,64
1993,1168,12,14,804,1041,929,892,-125,149
1993,1169,17,8,1074,581,1262,545,-188,36
1993,1170,24,2,1473,126,1881,122,-408,4
1993,1171,15,10,902,776,1089,645,-187,131
1993,1172,14,11,948,868,1112,747,-164,121
1993,1173,24,4,1412,299,1733,276,-321,23
1993,1174,7,21,457,1633,533,1406,-76,227
1993,1175,16,12,1061,981,1294,896,-233,85
1993,1177,15,16,1051,1236,1251,1075,-200,161
1993,1178,12,13,868,1076,999,922,-131,154
1993,1179,14,13,978,992,1137,872,-159,120
1993,1180,7,22,441,1680,508,1436,-67,244
1993,1181,7,23,512,2072,554,1573,-42,499
1993,1182,15,13,1073,1023,1188,897,-115,126
1993,1183,17,9,1085,638,1331,587,-246,51
1993,1184,12,13,895,999,976,862,-81,137
1993,1185,17,11,1061,851,1255,716,-194,135
1993,1186,20,5,1288,358,1553,318,-265,40
1993,1187,16,11,1051,782,1236,660,-185,122
1993,1190,10,16,749,1348,868,1153,-119,195
1993,1191,6,22,376,1723,434,1371,-58,352
1993,1192,17,10,1125,693,1321,604,-196,89
1993,1193,13,14,837,953,984,843,-147,110
1993,1196,11,16,724,1269,814,1087,-90,182
1993,1197,18,9,1211,740,1530,672,-319,68
1993,1198,10,17,654,1165,705,1071,-51,94
1993,1199,9,22,710,1972,780,1691,-70,281
1993,1200,16,14,965,978,1208,854,-243,124
1993,1201,15,13,932,936,1157,854,-225,82
1993,1202,17,10,1217,792,1416,664,-199,128
1993,1203,8,19,550,1506,596,1257,-46,249
1993,1204,9,16,690,1295,811,1091,-121,204
1993,1206,21,6,1370,449,1661,399,-291,50
1993,1207,12,13,725,976,854,782,-129,194
1993,1208,13,14,917,1149,1029,984,-112,165
1993,1209,14,9,1008,662,1176,595,-168,67
1993,1210,10,19,710,1546,821,1343,-111,203
1993,1211,9,17,593,1300,650,1073,-57,227
1993,1212,14,9,1046,830,1214,733,-168,97
1993,1216,14,13,932,1024,1098,848,-166,176
1993,1217,20,5,1340,386,1663,349,-323,37
1993,1218,16,12,1054,907,1204,771,-150,136
1993,1220,18,8,1040,584,1338,506,-298,78
1993,1221,6,23,447,2052,510,1730,-63,322
1993,1222,8,21,569,1746,629,1466,-60,280
1993,1224,18,8,1195,591,1480,518,-285,73
1993,1225,7,19,460,1422,513,1215,-53,207
1993,1226,18,9,1185,720,1399,605,-214,115
1993,1227,15,15,1097,1252,1232,1098,-135,154
1993,1228,12,18,868,1418,960,1230,-92,188
1993,1229,10,18,596,1252,699,1071,-103,181
1993,1231,3,28,224,2483,236,2008,-12,475
1993,1232,17,10,1070,741,1254,625,-184,116
1993,1233,11,15,766,1192,897,1036,-131,156
1993,1234,8,21,563,1683,625,1268,-62,415
1993,1235,10,19,699,1662,824,1208,-125,454
1993,1238,8,20,605,1796,727,1527,-122,269
1993,1239,22,5,1496,419,1740,363,-244,56
1993,1241,8,21,545,1807,609,1458,-64,349
1993,1242,6,22,402,1873,447,1500,-45,373
1993,1243,10,19,637,1419,765,1201,-128,218
1993,1245,17,10,995,747,1181,642,-186,105
1993,1246,3,26,257,2252,280,1749,-23,503
1993,1247,13,13,776,998,962,879,-186,119
1993,1248,20,6,1240,485,1503,434,-263,51
1993,1249,12,14,916,1374,1049,1023,-133,351
1993,1250,22,4,1622,289,1901,263,-279,26
1993,1251,14,11,1022,830,1121,699,-99,131
1993,1253,9,20,589,1667,682,1395,-93,272
1993,1254,17,10,1294,747,1447,692,-153,55
1993,1256,21,7,1192,518,1578,461,-386,57
1993,1257,8,19,603,1565,664,1338,-61,227
1993,1258,20,5,1335,352,1536,319,-201,33
1993,1259,25,2,1443,128,1791,110,-348,18
1993,1260,20,5,1300,340,1556,322,-256,18
1993,1261,10,22,692,1841,848,1519,-156,322
1993,1263,17,10,1136,705,1311,612,-175,93
1993,1264,6,23,417,1711,490,1440,-73,271
1993,1265,16,13,1026,1018,1201,910,-175,108
1993,1266,7,20,423,1582,467,1151,-44,431
1993,1267,11,14,785,1146,900,1022,-115,124
1993,1268,16,12,1162,1073,1404,822,-242,251
1993,1269,6,23,366,1786,426,1439,-60,347
1993,1270,15,11,1058,873,1172,786,-114,87
1993,1271,15,10,874,735,1152,674,-278,61
1993,1272,11,18,716,1474,817,1251,-101,223
1993,1273,14,10,896,809,1074,716,-178,93
1993,1274,17,8,1149,628,1326,552,-177,76
1993,1275,8,19,461,1253,542,1012,-81,241
1993,1276,4,26,315,2164,336,1822,-21,342
1993,1277,12,15,803,1190,886,944,-83,246
1993,1278,10,16,676,1295,792,991,-116,304
1993,1279,18,7,1225,497,1526,449,-301,48
1993,1280,16,11,1042,842,1330,700,-288,142
1993,1281,13,16,915,1216,1017,972,-102,244
1993,1282,12,11,790,987,944,815,-154,172
1993,1283,10,18,593,1186,667,999,-74,187
1993,1284,17,11,1023,782,1233,623,-210,159
1993,1285,11,14,691,900,767,790,-76,110
1993,1286,18,7,1155,473,1324,416,-169,57
1993,1287,20,6,1462,496,1895,433,-433,63
1993,1288,17,8,1307,642,1584,557,-277,85
1993,1290,13,11,967,1005,1142,871,-175,134
1993,1291,15,13,971,1041,1145,925,-174,116
1993,1292,15,8,931,620,1144,538,-213,82
1993,1293,12,16,902,1417,1043,1256,-141,161
1993,1296,12,13,758,953,931,876,-173,77
1993,1298,18,7,1095,468,1334,404,-239,64
1993,1299,11,12,720,938,892,827,-172,111
1993,1301,19,8,1242,593,1544,531,-302,62
1993,1302,16,7,1160,573,1367,531,-207,42
1993,1304,10,20,703,1715,827,1426,-124,289
1993,1305,17,8,1234,629,1466,581,-232,48
1993,1306,21,6,1259,420,1568,370,-309,50
1993,1307,6,23,343,1665,442,1382,-99,283
1993,1308,7,22,473,1762,539,1550,-66,212
1993,1309,3,25,175,1876,189,1512,-14,364
1993,1310,6,23,414,1890,442,1597,-28,293
1993,1311,12,12,828,1005,1016,886,-188,119
1993,1314,4,28,282,2483,325,1858,-43,625
1993,1317,21,5,1624,425,1880,381,-256,44
1993,1318,8,20,578,1546,684,1269,-106,277
1993,1319,15,8,942,626,1127,550,-185,76
1993,1320,15,11,840,754,1039,688,-199,66
1993,1321,19,7,1263,547,1526,462,-263,85
1993,1322,13,9,1043,864,1190,751,-147,113
1993,1323,18,9,1110,603,1341,557,-231,46
1993,1325,13,13,889,918,1008,817,-119,101
1993,1326,12,15,781,1157,930,978,-149,179
1993,1328,11,16,814,1548,889,1238,-75,310
1993,1329,8,15,549,1177,643,962,-94,215
1993,1330,7,19,530,1665,639,1478,-109,187
1993,1332,20,6,1441,458,1673,403,-232,55
1993,1333,14,11,891,811,1001,716,-110,95
1993,1334,11,15,664,1070,743,911,-79,159
1993,1335,4,22,249,1651,294,1348,-45,303
1993,1336,20,7,1225,465,1486,429,-261,36
1993,1337,7,19,436,1394,486,1191,-50,203
1993,1338,10,17,679,1419,779,1279,-100,140
1993,1339,18,7,1200,483,1452,430,-252,53
1993,1341,23,,1751,,2390,,-639,
1993,1343,11,14,565,851,673,688,-108,163
1993,1344,11,17,765,1234,861,959,-96,275
1993,1345,9,18,618,1314,705,1128,-87,186
1993,1347,16,11,1200,971,1434,864,-234,107
1993,1348,10,18,694,1482,777,1267,-83,215
1993,1349,9,17,654,1371,706,1184,-52,187
1993,1350,12,15,814,1122,925,950,-111,172
1993,1351,10,19,685,1465,777,1249,-92,216
1993,1352,18,9,1118,682,1333,617,-215,65
1993,1353,15,12,1139,1009,1286,848,-147,161
1993,1354,13,14,857,1098,1022,946,-165,152
1993,1356,9,22,624,1775,712,1422,-88,353
1993,1358,19,4,1379,330,1665,286,-286,44
1993,1359,10,15,600,1171,694,1012,-94,159
1993,1360,13,11,889,791,1035,673,-146,118
1993,1361,21,4,1330,254,1653,232,-323,22
1993,1362,12,17,857,1385,1021,1223,-164,162
1993,1363,19,7,1204,473,1393,444,-189,29
1993,1364,10,18,668,1278,724,1053,-56,225
1993,1365,11,16,684,1168,783,1027,-99,141
1993,1368,15,8,1047,621,1250,565,-203,56
1993,1369,11,15,868,1203,1049,1048,-181,155
1993,1371,6,26,404,2087,436,1719,-32,368
1993,1372,14,10,925,798,1068,725,-143,73
1993,1373,13,15,899,1096,977,933,-78,163
1993,1374,7,18,503,1484,592,1291,-89,193
1993,1375,13,15,919,1362,1046,1153,-127,209
1993,1376,18,8,1296,693,1542,612,-246,81
1993,1378,19,8,1303,639,1561,525,-258,114
1993,1379,17,10,1323,817,1501,714,-178,103
1993,1380,9,16,766,1630,818,1327,-52,303
1993,1381,12,11,824,894,1006,738,-182,156
1993,1382,16,10,1099,751,1323,624,-224,127
1993,1383,18,9,1226,760,1478,708,-252,52
1993,1384,18,9,1179,628,1369,555,-190,73
1993,1385,10,18,721,1382,820,1185,-99,197
1993,1386,10,18,657,1392,763,1199,-106,193
1993,1387,17,10,966,881,1168,673,-202,208
1993,1388,16,10,912,725,1150,657,-238,68
1993,1389,18,9,1088,670,1317,576,-229,94
1993,1390,22,6,1423,411,1704,298,-281,113
1993,1391,14,10,973,872,1099,778,-126,94
1993,1393,9,19,648,1553,749,1319,-101,234
1993,1395,22,6,1387,428,1704,394,-317,34
1993,1396,12,17,772,1231,919,1023,-147,208
1993,1397,17,13,1235,1126,1466,923,-231,203
1993,1398,8,19,565,1589,679,1357,-114,232
1993,1399,13,14,1019,1310,1219,1169,-200,141
1993,1400,17,10,1292,863,1472,750,-180,113
1993,1401,17,10,1101,755,1295,637,-194,118
1993,1402,13,12,905,907,991,813,-86,94
1993,1403,11,16,808,1320,912,1160,-104,160
1993,1404,19,5,1239,399,1500,372,-261,27
1993,1405,15,12,868,948,1013,854,-145,94
1993,1406,9,17,624,1374,754,1222,-130,152
1993,1408,8,20,553,1594,651,1295,-98,299
1993,1409,14,13,1001,1020,1152,866,-151,154
1993,1410,20,2,1251,142,1668,138,-417,4
1993,1411,14,10,997,833,1195,751,-198,82
1993,1412,13,17,794,1358,927,1056,-133,302
1993,1414,21,5,1464,400,1664,374,-200,26
1993,1416,17,8,1268,633,1449,560,-181,73
1993,1417,10,21,710,1712,826,1529,-116,183
1993,1418,13,17,956,1435,1081,1223,-125,212
1993,1419,4,25,284,2236,310,1815,-26,421
1993,1420,16,10,1228,878,1417,776,-189,102
1993,1421,23,2,1533,171,1932,161,-399,10
1993,1422,17,10,1090,769,1325,671,-235,98
1993,1423,11,15,837,1267,946,1097,-109,170
1993,1424,7,21,567,1951,592,1675,-25,276
1993,1425,11,14,725,1049,877,887,-152,162
1993,1426,12,13,931,1089,1104,998,-173,91
1993,1427,14,12,1066,999,1278,886,-212,113
1993,1428,6,22,422,1739,479,1350,-57,389
1993,1429,17,8,1285,650,1486,551,-201,99
1993,1431,12,18,776,1362,867,1190,-91,172
1993,1433,9,20,669,1642,755,1325,-86,317
1993,1434,16,11,1196,938,1348,818,-152,120
1993,1435,5,26,345,2250,393,1775,-48,475
1993,1436,17,9,1170,783,1431,699,-261,84
1993,1437,19,8,1232,675,1365,507,-133,168
1993,1438,9,19,570,1526,671,1285,-101,241
1993,1439,18,9,1149,651,1373,541,-224,110
1993,1440,22,4,1391,298,1723,272,-332,26
1993,1441,20,4,1324,324,1610,243,-286,81
1993,1442,19,7,1323,570,1543,521,-220,49
1993,1443,5,24,420,2098,444,1647,-24,451
1993,1444,12,16,763,1127,947,923,-184,204
1993,1447,12,18,751,1346,857,1172,-106,174
1993,1448,8,19,544,1552,641,1225,-97,327
1993,1449,14,11,968,745,1099,647,-131,98
1993,1450,12,13,772,1009,858,773,-86,236
1993,1451,7,17,515,1349,580,1182,-65,167
1993,1452,11,16,769,1285,854,1047,-85,238
1993,1453,14,13,849,936,962,737,-113,199
1993,1454,4,22,305,1749,367,1451,-62,298
1993,1455,17,9,1035,633,1277,539,-242,94
1993,1456,13,12,911,931,1034,835,-123,96
1993,1457,16,12,1269,1055,1446,925,-177,130
1993,1458,13,14,929,1154,1079,962,-150,192
1993,1460,9,19,669,1839,752,1450,-83,389
1993,1461,15,11,937,828,1114,700,-177,128
1993,1462,5,22,371,1603,419,1334,-48,269
1993,1463,16,9,826,530,955,445,-129,85
1993,1464,23,3,1599,265,1954,230,-355,35
1994,1102,18,4,1165,313,1383,286,-218,27
1994,1103,18,7,1060,474,1277,405,-217,69
1994,1104,9,19,569,1490,708,1223,-139,267
1994,1106,10,15,755,1371,864,1168,-109,203
1994,1108,19,3,1401,259,1788,232,-387,27
1994,1110,19,8,1360,689,1651,598,-291,91
1994,1111,11,15,763,1236,886,1106,-123,130
1994,1112,5,25,407,2309,433,1825,-26,484
1994,1113,12,15,880,1211,995,1040,-115,171
1994,1114,15,12,1024,951,1183,772,-159,179
1994,1116,3,24,213,2307,228,1820,-15,487
1994,1117,12,15,718,1121,837,945,-119,176
1994,1119,20,6,1485,504,1790,456,-305,48
1994,1120,17,11,1271,1017,1446,820,-175,197
1994,1122,16,10,1184,855,1391,761,-207,94
1994,1123,12,14,859,1060,971,901,-112,159
1994,1124,11,16,918,1390,1070,1190,-152,200
1994,1126,18,9,1189,727,1487,673,-298,54
1994,1129,11,15,719,1152,815,999,-96,153
1994,1130,10,19,703,1562,776,1266,-73,296
1994,1131,16,11,1110,903,1297,776,-187,127
1994,1132,10,15,620,1142,673,989,-53,153
1994,1133,7,20,405,1447,514,1223,-109,224
1994,1135,14,12,843,841,1071,787,-228,54
1994,1137,17,9,1327,821,1463,700,-136,121
1994,1138,18,9,1197,705,1472,598,-275,107
1994,1139,13,15,944,1149,1116,934,-172,215
1994,1140,9,19,636,1582,717,1384,-81,198
1994,1141,20,5,1112,328,1443,306,-331,22
1994,1143,7,22,499,1802,580,1504,-81,298
1994,1144,9,18,584,1323,669,1138,-85,185
1994,1145,6,22,413,1813,494,1523,-81,290
1994,1147,12,14,904,1189,1011,1021,-107,168
1994,1148,22,1,1580,85,2069,81,-489,4
1994,1149,18,8,1428,691,1615,619,-187,72
1994,1150,12,16,744,1205,845,1036,-101,169
1994,1151,6,21,446,1754,506,1560,-60,194
1994,1152,23,3,1746,277,2272,234,-526,43
1994,1153,9,22,605,1808,692,1421,-87,387
1994,1154,16,9,1039,651,1194,566,-155,85
1994,1155,15,16,996,1295,1157,1067,-161,228
1994,1156,15,13,971,1044,1189,910,-218,134
1994,1157,11,13,749,1064,908,933,-159,131
1994,1158,3,22,194,1701,219,1398,-25,303
1994,1159,12,17,939,1421,1046,1217,-107,204
1994,1160,17,10,1186,806,1460,674,-274,132
1994,1161,13,13,875,1070,982,898,-107,172
1994,1162,20,5,1125,345,1487,279,-362,66
1994,1163,4,27,301,2388,326,1829,-25,559
1994,1164,8,20,491,1607,563,1256,-72,351
1994,1165,18,6,1068,451,1385,384,-317,67
1994,1166,21,6,1301,438,1628,374,-327,64
1994,1168,19,6,1277,501,1484,432,-207,69
1994,1169,18,7,1220,582,1546,494,-326,88
1994,1170,26,1,1580,80,2173,76,-593,4
1994,1171,16,9,980,656,1254,537,-274,119
1994,1172,7,20,503,1522,542,1345,-39,177
1994,1173,21,5,1385,461,1719,328,-334,133
1994,1174,13,12,896,905,1000,787,-104,118
1994,1175,19,6,1228,496,1549,458,-321,38
1994,1177,11,16,746,1378,869,1109,-123,269
1994,1178,12,13,808,999,958,895,-150,104
1994,1179,16,10,1203,792,1376,689,-173,103
1994,1180,4,24,264,1902,291,1578,-27,324
1994,1181,5,23,353,1849,389,1506,-36,343
1994,1182,12,16,758,1260,910,1076,-152,184
1994,1183,15,11,951,824,1140,767,-189,57
1994,1184,14,11,1040,962,1203,800,-163,162
1994,1185,12,13,853,997,1024,853,-171,144
1994,1186,20,2,1256,157,1622,143,-366,14
1994,1187,12,15,816,1176,917,973,-101,203
1994,1190,14,14,1041,1254,1200,1074,-159,180
1994,1191,10,19,661,1544,710,1259,-49,285
1994,1192,13,13,898,967,1040,866,-142,101
1994,1193,19,8,1253,676,1475,618,-222,58
1994,1194,23,3,1553,235,2034,225,-481,10
1994,1196,7,25,490,1945,555,1643,-65,302
1994,1197,23,3,1427,211,1800,197,-373,14
1994,1198,16,11,1003,852,1182,727,-179,125
1994,1199,14,13,963,1115,1118,902,-155,213
1994,1200,15,11,964,858,1168,744,-204,114
1994,1201,10,18,673,1429,749,1246,-76,183
1994,1202,17,10,1181,770,1408,698,-227,72
1994,1203,11,17,631,1333,748,1122,-117,211
1994,1204,14,10,989,797,1119,702,-130,95
1994,1206,17,10,1380,1005,1657,882,-277,123
1994,1207,11,16,730,1185,818,937,-88,248
1994,1208,16,14,1173,1223,1336,970,-163,253
1994,1209,14,12,937,962,1080,805,-143,157
1994,1210,12,16,832,1300,944,1110,-112,190
1994,1211,7,19,518,1602,570,1335,-52,267
1994,1212,18,5,1303,497,1590,451,-287,46
1994,1216,12,16,774,1365,939,1137,-165,228
1994,1217,17,8,1104,598,1269,525,-165,73
1994,1218,14,18,923,1376,1156,1212,-233,164
1994,1220,20,9,1260,708,1565,660,-305,48
1994,1221,14,14,1072,1271,1291,1168,-219,103
1994,1222,19,8,1415,659,1646,577,-231,82
1994,1224,17,8,1136,650,1353,536,-217,114
1994,1225,10,15,684,1121,753,981,-69,140
1994,1226,9,15,655,1269,734,1131,-79,138
1994,1227,9,19,648,1702,732,1427,-84,275
1994,1228,10,17,733,1543,811,1200,-78,343
1994,1229,11,16,795,1196,900,1000,-105,196
1994,1231,8,19,590,1619,705,1400,-115,219
1994,1232,22,4,1312,327,1638,296,-326,31
1994,1233,20,7,1491,534,1757,468,-266,66
1994,1234,16,11,1258,996,1395,812,-137,184
1994,1235,13,13,992,1198,1115,871,-123,327
1994,1238,10,18,720,1503,803,1257,-83,246
1994,1239,11,17,768,1406,897,1200,-129,206
1994,1241,9,20,703,1733,809,1517,-106,216
1994,1242,7,24,478,2008,529,1581,-51,427
1994,1243,12,17,731,1261,895,1059,-164,202
1994,1245,14,13,854,938,1059,768,-205,170
1994,1246,6,26,469,2335,507,1885,-38,450
1994,1247,16,10,1090,773,1270,691,-180,82
1994,1248,19,8,1394,648,1651,555,-257,93
1994,1249,17,8,1206,626,1400,547,-194,79
1994,1250,17,9,1266,751,1510,699,-244,52
1994,1251,11,16,732,1203,846,1059,-114,144
1994,1253,10,15,687,1301,838,1135,-151,166
1994,1254,24,3,1704,258,2170,235,-466,23
1994,1256,25,1,1489,66,1994,62,-505,4
1994,1257,5,26,346,2182,378,1766,-32,416
1994,1258,21,6,1629,503,1961,460,-332,43
1994,1259,12,17,905,1400,1057,1223,-152,177
1994,1260,19,7,1235,528,1525,457,-290,71
1994,1261,16,11,1203,958,1393,802,-190,156
1994,1263,9,20,619,1795,740,1542,-121,253
1994,1264,10,19,630,1558,718,1208,-88,350
1994,1265,13,14,908,1204,1034,1051,-126,153
1994,1266,8,21,492,1515,572,1215,-80,300
1994,1267,18,7,1262,558,1573,499,-311,59
1994,1268,11,16,793,1366,877,1089,-84,277
1994,1269,6,27,435,2074,465,1687,-30,387
1994,1270,16,9,1065,672,1257,563,-192,109
1994,1271,12,13,790,1002,961,865,-171,137
1994,1272,16,13,1029,1061,1232,873,-203,188
1994,1273,24,3,1526,218,1938,186,-412,32
1994,1274,20,7,1135,555,1518,391,-383,164
1994,1275,10,18,679,1436,784,1157,-105,279
1994,1276,7,21,533,1713,607,1459,-74,254
1994,1277,11,19,744,1524,833,1276,-89,248
1994,1278,11,20,775,1705,883,1309,-108,396
1994,1279,13,11,814,888,1065,749,-251,139
1994,1280,10,17,678,1345,791,1129,-113,216
1994,1281,3,24,232,1937,295,1671,-63,266
1994,1282,17,11,1093,901,1318,796,-225,105
1994,1283,15,12,896,794,1069,621,-173,173
1994,1284,11,18,697,1509,838,1347,-141,162
1994,1285,9,15,652,1174,713,948,-61,226
1994,1286,11,13,773,1108,926,920,-153,188
1994,1287,14,12,1073,1048,1304,958,-231,90
1994,1288,20,8,1383,610,1649,573,-266,37
1994,1290,16,8,1214,742,1491,636,-277,106
1994,1291,14,14,1038,1195,1184,1019,-146,176
1994,1292,19,7,1267,570,1513,481,-246,89
1994,1293,5,20,391,1861,435,1584,-44,277
1994,1296,17,9,1170,709,1310,564,-140,145
1994,1298,12,16,805,1318,923,1145,-118,173
1994,1299,12,15,812,1217,971,1106,-159,111
1994,1301,19,11,1231,830,1540,699,-309,131
1994,1302,11,14,832,1200,992,1024,-160,176
1994,1304,9,20,743,1797,810,1519,-67,278
1994,1305,17,10,1191,785,1404,709,-213,76
1994,1306,13,15,880,1158,1042,1017,-162,141
1994,1307,7,21,498,1674,539,1380,-41,294
1994,1308,7,21,514,1719,549,1475,-35,244
1994,1309,9,18,599,1309,650,1109,-51,200
1994,1310,21,6,1332,454,1648,422,-316,32
1994,1311,9,17,715,1537,777,1338,-62,199
1994,1314,6,27,451,2402,502,1905,-51,497
1994,1317,15,14,1013,1074,1171,925,-158,149
1994,1318,22,4,1475,345,1731,308,-256,37
1994,1319,12,10,903,828,1034,734,-131,94
1994,1320,13,15,895,1210,1012,1007,-117,203
1994,1321,13,13,877,1057,1003,875,-126,182
1994,1322,15,7,1216,625,1373,549,-157,76
1994,1323,17,11,1164,820,1349,702,-185,118
1994,1325,7,23,503,1930,571,1500,-68,430
1994,1326,16,12,1163,957,1341,787,-178,170
1994,1328,12,15,985,1395,1130,1223,-145,172
1994,1329,9,21,634,1771,683,1433,-49,338
1994,1330,9,20,703,1741,746,1418,-43,323
1994,1331,21,6,1448,497,1799,422,-351,75
1994,1332,17,8,1228,637,1392,583,-164,54
1994,1333,20,6,1323,468,1643,414,-320,54
1994,1334,14,15,1010,1274,1133,1082,-123,192
1994,1335,2,23,145,1732,159,1417,-14,315
1994,1336,14,13,895,1000,1091,829,-196,171
1994,1337,10,17,617,1313,685,1056,-68,257
1994,1338,14,13,1019,1088,1152,876,-133,212
1994,1339,17,10,1252,848,1482,733,-230,115
1994,1341,22,2,1571,178,2192,169,-621,9
1994,1343,8,16,413,1082,489,778,-76,304
1994,1344,9,20,665,1644,718,1305,-53,339
1994,1345,4,26,279,2268,291,1906,-12,362
1994,1347,8,17,530,1360,604,1134,-74,226
1994,1348,16,11,1015,913,1191,784,-176,129
1994,1349,14,15,962,1212,1097,1044,-135,168
1994,1350,14,14,990,1137,1108,953,-118,184
1994,1351,8,21,511,1723,623,1431,-112,292
1994,1352,14,14,907,1063,1107,902,-200,161
1994,1353,16,11,984,847,1215,742,-231,105
1994,1354,13,14,913,1025,1063,899,-150,126
1994,1356,6,22,420,1777,480,1508,-60,269
1994,1358,19,7,1140,574,1431,518,-291,56
1994,1359,18,8,1058,602,1219,510,-161,92
1994,1360,11,16,731,1341,832,1178,-101,163
1994,1361,16,10,1089,785,1305,721,-216,64
1994,1362,11,15,891,1416,1004,1178,-113,238
1994,1363,12,15,744,1205,843,1083,-99,122
1994,1364,17,12,1048,894,1259,785,-211,109
1994,1365,14,11,936,851,1044,689,-108,162
1994,1368,17,8,1234,593,1532,521,-298,72
1994,1369,17,9,1253,889,1513,726,-260,163
1994,1371,12,17,762,1224,896,992,-134,232
1994,1372,18,8,1199,582,1401,536,-202,46
1994,1373,7,21,523,1729,601,1411,-78,318
1994,1374,21,6,1467,426,1735,391,-268,35
1994,1375,14,13,906,1084,1068,937,-162,147
1994,1376,19,9,1353,714,1555,631,-202,83
1994,1378,17,10,1020,732,1250,641,-230,91
1994,1379,14,15,1038,1183,1103,1015,-65,168
1994,1380,11,12,890,1279,1010,1052,-120,227
1994,1381,11,12,774,951,870,812,-96,139
1994,1382,17,10,1131,767,1354,695,-223,72
1994,1383,26,1,1805,78,2223,67,-418,11
1994,1384,15,13,1035,1078,1185,900,-150,178
1994,1385,17,12,1169,957,1339,760,-170,197
1994,1386,14,14,948,1089,1107,909,-159,180
1994,1387,5,22,334,1840,380,1516,-46,324
1994,1388,14,11,1018,900,1155,781,-137,119
1994,1389,13,14,804,1058,965,912,-161,146
1994,1390,10,16,696,1250,799,1060,-103,190
1994,1391,15,13,972,922,1188,805,-216,117
1994,1393,6,21,426,1847,476,1534,-50,313
1994,1395,20,7,1397,590,1671,502,-274,88
1994,1396,7,22,380,1478,420,1171,-40,307
1994,1397,22,5,1483,425,1725,357,-242,68
1994,1398,11,17,761,1412,858,1221,-97,191
1994,1399,21,7,1692,586,2032,509,-340,77
1994,1400,7,25,568,2383,640,1926,-72,457
1994,1401,10,19,664,1544,764,1357,-100,187
1994,1402,6,22,420,1633,468,1357,-48,276
1994,1403,11,17,859,1477,955,1282,-96,195
1994,1404,22,3,1565,267,1917,237,-352,30
1994,1405,11,15,764,1148,853,983,-89,165
1994,1406,9,21,598,1605,790,1454,-192,151
1994,1407,14,11,1285,1115,1518,1018,-233,97
1994,1408,10,17,697,1437,793,1089,-96,348
1994,1409,7,20,498,1682,548,1372,-50,310
1994,1410,12,14,824,1078,954,933,-130,145
1994,1411,10,15,719,1307,883,1091,-164,216
1994,1412,7,22,435,1661,461,1294,-26,367
1994,1414,20,9,1533,741,1769,653,-236,88
1994,1416,8,19,562,1615,646,1456,-84,159
1994,1417,6,21,453,1855,519,1512,-66,343
1994,1418,7,21,524,1673,574,1406,-50,267
1994,1419,9,18,658,1542,738,1374,-80,168
1994,1420,21,5,1472,407,1711,370,-239,37
1994,1421,23,1,1331,85,1686,72,-355,13
1994,1422,12,15,804,1179,923,979,-119,200
1994,1423,10,18,697,1417,803,1246,-106,171
1994,1424,13,14,962,1126,1096,981,-134,145
1994,1425,11,16,690,1265,864,1090,-174,175
1994,1426,20,5,1455,403,1822,376,-367,27
1994,1427,15,10,1112,827,1248,747,-136,80
1994,1428,14,12,1013,900,1115,768,-102,132
1994,1429,13,12,829,858,952,793,-123,65
1994,1431,12,14,849,987,958,896,-109,91
1994,1433,13,14,880,1223,1019,1051,-139,172
1994,1434,8,19,540,1496,628,1269,-88,227
1994,1435,11,16,770,1352,904,1093,-134,259
1994,1436,15,10,1095,869,1320,784,-225,85
1994,1437,12,15,819,1157,945,1037,-126,120
1994,1438,12,17,712,1161,903,1010,-191,151
1994,1439,10,18,632,1396,747,1103,-115,293
1994,1440,23,3,1445,245,1780,216,-335,29
1994,1441,16,10,1133,766,1307,678,-174,88
1994,1442,20,6,1317,441,1633,394,-316,47
1994,1443,10,19,717,1480,788,1203,-71,277
1994,1444,14,14,861,1093,1077,925,-216,168
1994,1447,12,16,837,1275,956,1095,-119,180
1994,1448,10,20,675,1484,755,1210,-80,274
1994,1449,22,5,1367,304,1621,272,-254,32
1994,1450,10,18,694,1437,801,1159,-107,278
1994,1451,10,16,737,1414,856,1226,-119,188
1994,1452,11,16,759,1337,859,1119,-100,218
1994,1453,6,26,339,1799,373,1367,-34,432
1994,1454,17,10,1124,732,1377,616,-253,116
1994,1455,18,8,1060,605,1343,552,-283,53
1994,1456,23,4,1643,330,1951,295,-308,35
1994,1457,22,3,1505,261,1930,248,-425,13
1994,1458,10,17,642,1430,783,1135,-141,295
1994,1460,17,11,1153,851,1405,753,-252,98
1994,1461,14,13,884,983,1019,847,-135,136
1994,1462,7,19,519,1537,587,1237,-68,300
1994,1463,16,9,970,625,1197,535,-227,90
1994,1464,21,5,1377,378,1673,327,-296,51
1995,1102,19,5,1187,382,1466,319,-279,63
1995,1103,18,7,1025,472,1304,407,-279,65
1995,1104,9,22,587,1678,677,1287,-90,391
1995,1106,14,8,1082,711,1344,616,-262,95
1995,1108,19,4,1479,353,1714,321,-235,32
1995,1110,19,9,1324,764,1585,694,-261,70
1995,1111,20,7,1361,575,1632,514,-271,61
1995,1112,7,22,507,1955,539,1652,-32,303
1995,1113,8,22,593,1774,672,1442,-79,332
1995,1114,12,16,797,1284,918,1059,-121,225
1995,1116,6,26,466,2336,550,2020,-84,316
1995,1117,20,6,1246,436,1537,391,-291,45
1995,1119,16,11,1114,849,1372,772,-258,77
1995,1120,12,14,858,1135,972,955,-114,180
1995,1122,16,11,1145,861,1311,766,-166,95
1995,1123,10,17,721,1338,830,1137,-109,201
1995,1124,19,8,1452,741,1703,645,-251,96
1995,1126,15,10,1008,864,1293,768,-285,96
1995,1129,10,17,645,1291,740,1065,-95,226
1995,1130,19,9,1269,754,1495,662,-226,92
1995,1131,16,15,951,1080,1149,912,-198,168
1995,1132,11,14,618,1118,757,932,-139,186
1995,1133,9,19,573,1420,644,1192,-71,228
1995,1135,13,13,804,960,1006,834,-202,126
1995,1137,14,13,874,1012,1053,788,-179,224
1995,1138,10,18,727,1443,781,1276,-54,167
1995,1139,12,14,836,1072,962,912,-126,160
1995,1140,9,22,638,1697,710,1429,-72,268
1995,1141,23,1,1445,57,1806,56,-361,1
1995,1142,26,,1441,,2214,,-773,
1995,1143,14,13,1074,1084,1210,892,-136,192
1995,1144,18,6,1074,406,1422,345,-348,61
1995,1145,12,18,738,1354,864,1181,-126,173
1995,1147,17,9,1298,781,1518,716,-220,65
1995,1148,18,8,1183,640,1490,562,-307,78
1995,1149,10,19,700,1449,838,1252,-138,197
1995,1150,8,19,516,1503,607,1250,-91,253
1995,1151,10,17,741,1279,819,1085,-78,194
1995,1152,20,6,1432,548,1886,496,-454,52
1995,1153,11,21,759,1838,835,1443,-76,395
1995,1154,16,8,977,594,1214,537,-237,57
1995,1155,12,15,652,1088,832,855,-180,233
1995,1156,17,8,1185,623,1415,545,-230,78
1995,1157,20,4,1337,352,1607,329,-270,23
1995,1158,5,21,311,1548,338,1300,-27,248
1995,1159,12,17,782,1449,1009,1222,-227,227
1995,1160,12,15,893,1252,1076,1025,-183,227
1995,1161,14,14,917,1151,1106,978,-189,173
1995,1162,22,3,1295,219,1669,203,-374,16
1995,1163,4,25,280,2166,350,1752,-70,414
1995,1164,9,19,576,1470,675,1174,-99,296
1995,1165,17,8,1088,636,1420,583,-332,53
1995,1166,19,7,1127,461,1424,421,-297,40
1995,1168,20,7,1395,519,1683,476,-288,43
1995,1169,19,7,1269,592,1638,476,-369,116
1995,1170,21,6,1340,436,1760,379,-420,57
1995,1171,13,12,814,882,976,772,-162,110
1995,1172,13,11,883,855,1015,746,-132,109
1995,1173,20,7,1256,555,1617,487,-361,68
1995,1174,15,10,1070,784,1193,675,-123,109
1995,1175,21,6,1356,509,1624,455,-268,54
1995,1177,10,17,734,1397,819,1079,-85,318
1995,1178,15,11,964,833,1110,729,-146,104
1995,1179,15,12,991,976,1215,866,-224,110
1995,1180,7,22,484,1729,524,1384,-40,345
1995,1181,18,13,1321,1089,1458,826,-137,263
1995,1182,18,10,1186,722,1429,620,-243,102
1995,1183,13,13,920,977,1047,836,-127,141
1995,1184,19,9,1283,726,1493,648,-210,78
1995,1185,9,18,619,1385,747,1167,-128,218
1995,1186,19,4,1212,306,1483,231,-271,75
1995,1187,11,17,725,1318,834,1124,-109,194
1995,1190,14,11,998,930,1169,808,-171,122
1995,1191,9,18,596,1492,649,1070,-53,422
1995,1192,12,16,833,1225,1002,1080,-169,145
1995,1193,15,13,911,1010,1051,869,-140,141
1995,1194,18,7,1047,512,1414,454,-367,58
1995,1196,12,17,836,1281,946,1047,-110,234
1995,1197,22,2,1522,161,1927,140,-405,21
1995,1198,18,11,1169,791,1419,661,-250,130
1995,1199,15,12,1020,1007,1180,833,-160,174
1995,1200,17,9,1004,691,1227,554,-223,137
1995,1201,15,12,996,916,1186,760,-190,156
1995,1202,17,7,1071,532,1224,464,-153,68
1995,1203,13,18,904,1432,1048,1277,-144,155
1995,1204,20,4,1288,276,1597,239,-309,37
1995,1206,20,6,1742,617,2072,577,-330,40
1995,1207,9,19,658,1457,742,1217,-84,240
1995,1208,9,18,623,1491,703,1172,-80,319
1995,1209,17,10,1148,811,1444,666,-296,145
1995,1210,12,18,837,1563,936,1288,-99,275
1995,1211,8,19,563,1510,613,1190,-50,320
1995,1212,17,7,1246,627,1501,584,-255,43
1995,1216,16,11,1044,849,1216,761,-172,88
1995,1217,20,5,1292,368,1492,303,-200,65
1995,1218,13,16,838,1195,982,1016,-144,179
1995,1220,18,9,1224,682,1447,565,-223,117
1995,1221,12,15,829,1262,962,1082,-133,180
1995,1222,19,8,1391,663,1654,624,-263,39
1995,1224,18,9,1196,711,1469,638,-273,73
1995,1225,15,9,915,689,1115,619,-200,70
1995,1226,10,14,703,1161,823,936,-120,225
1995,1227,9,17,734,1435,816,1227,-82,208
1995,1228,11,18,681,1433,800,1180,-119,253
1995,1229,12,18,797,1461,931,1308,-134,153
1995,1231,11,18,694,1499,801,1213,-107,286
1995,1232,19,6,1278,496,1505,411,-227,85
1995,1233,17,10,1211,824,1384,696,-173,128
1995,1234,11,18,841,1629,927,1260,-86,369
1995,1235,10,19,659,1548,749,1226,-90,322
1995,1238,18,10,1316,835,1543,701,-227,134
1995,1239,9,17,616,1362,685,1229,-69,133
1995,1241,13,16,985,1283,1063,1110,-78,173
1995,1242,5,22,340,1925,384,1527,-44,398
1995,1243,15,10,914,774,1169,657,-255,117
1995,1245,19,8,1165,592,1441,527,-276,65
1995,1246,4,25,330,2210,340,1664,-10,546
1995,1247,14,13,965,1029,1128,874,-163,155
1995,1248,25,1,1668,78,2213,75,-545,3
1995,1249,16,9,1012,623,1241,579,-229,44
1995,1250,16,10,1097,844,1323,729,-226,115
1995,1251,16,10,1008,702,1177,624,-169,78
1995,1253,9,19,619,1378,726,1224,-107,154
1995,1254,17,10,1318,830,1639,763,-321,67
1995,1256,13,13,789,870,888,766,-99,104
1995,1257,13,19,912,1553,1017,1302,-105,251
1995,1258,15,12,1000,964,1154,853,-154,111
1995,1259,18,9,1172,680,1446,610,-274,70
1995,1260,22,4,1424,292,1714,271,-290,21
1995,1261,15,12,1074,1077,1310,881,-236,196
1995,1263,16,11,1080,769,1299,689,-219,80
1995,1264,4,25,272,1930,299,1499,-27,431
1995,1265,11,17,741,1394,866,1161,-125,233
1995,1266,11,17,660,1333,761,1058,-101,275
1995,1267,9,17,655,1510,800,1228,-145,282
1995,1268,7,23,558,2035,634,1574,-76,461
1995,1269,4,26,291,2185,311,1701,-20,484
1995,1270,16,11,1204,891,1408,775,-204,116
1995,1271,14,10,844,779,1031,676,-187,103
1995,1272,9,22,621,1837,712,1472,-91,365
1995,1273,14,13,989,1096,1147,969,-158,127
1995,1274,12,15,712,1063,891,935,-179,128
1995,1275,6,21,399,1502,462,1174,-63,328
1995,1276,13,17,833,1279,960,1119,-127,160
1995,1277,5,22,377,1749,408,1439,-31,310
1995,1278,11,19,735,1564,822,1238,-87,326
1995,1279,19,8,1201,677,1430,542,-229,135
1995,1280,7,20,472,1509,513,1207,-41,302
1995,1281,8,19,589,1505,690,1303,-101,202
1995,1282,19,7,1270,549,1478,471,-208,78
1995,1283,11,16,662,1165,742,965,-80,200
1995,1284,14,13,928,982,1029,815,-101,167
1995,1285,8,17,557,1338,613,1144,-56,194
1995,1286,8,17,579,1464,628,1144,-49,320
1995,1287,12,13,775,1059,958,886,-183,173
1995,1288,22,5,1454,393,1901,342,-447,51
1995,1290,10,14,723,1196,845,1060,-122,136
1995,1291,12,16,835,1332,1009,1118,-174,214
1995,1292,15,8,1020,612,1201,590,-181,22
1995,1293,8,18,550,1643,615,1388,-65,255
1995,1296,10,18,615,1445,722,1188,-107,257
1995,1298,9,19,619,1478,703,1195,-84,283
1995,1299,13,13,821,920,1007,826,-186,94
1995,1301,15,12,1009,1048,1186,753,-177,295
1995,1302,22,3,1400,214,1715,193,-315,21
1995,1304,13,17,895,1485,1077,1164,-182,321
1995,1305,11,18,767,1468,883,1274,-116,194
1995,1306,9,19,624,1632,760,1449,-136,183
1995,1307,15,14,1054,1095,1173,942,-119,153
1995,1308,9,22,661,1987,737,1696,-76,291
1995,1309,11,19,694,1430,812,1213,-118,217
1995,1310,25,4,1625,342,2024,300,-399,42
1995,1311,5,22,378,2016,446,1686,-68,330
1995,1314,5,24,364,2138,400,1795,-36,343
1995,1317,13,11,905,862,1023,759,-118,103
1995,1318,11,18,729,1376,885,1165,-156,211
1995,1319,17,5,1062,373,1288,350,-226,23
1995,1320,20,7,1320,519,1594,466,-274,53
1995,1321,22,5,1390,376,1935,337,-545,39
1995,1322,14,11,939,868,1161,770,-222,98
1995,1323,12,15,749,1150,920,962,-171,188
1995,1325,9,22,648,1769,742,1433,-94,336
1995,1326,22,6,1421,524,1716,458,-295,66
1995,1328,8,23,584,1963,655,1623,-71,340
1995,1329,9,21,619,1698,692,1268,-73,430
1995,1330,11,20,788,1619,908,1400,-120,219
1995,1331,17,7,1088,540,1382,450,-294,90
1995,1332,8,17,626,1496,706,1295,-80,201
1995,1333,18,9,1300,740,1511,648,-211,92
1995,1334,13,14,852,1118,945,999,-93,119
1995,1335,5,22,350,1846,403,1395,-53,451
1995,1336,10,17,604,1339,700,1035,-96,304
1995,1337,19,7,1217,500,1475,410,-258,90
1995,1338,18,10,1262,753,1423,678,-161,75
1995,1339,8,19,577,1460,657,1252,-80,208
1995,1341,21,3,1501,251,2091,239,-590,12
1995,1343,10,15,527,1045,649,810,-122,235
1995,1344,12,15,819,1161,935,1005,-116,156
1995,1345,6,24,426,1896,465,1611,-39,285
1995,1347,12,12,760,885,939,803,-179,82
1995,1348,20,7,1330,565,1555,477,-225,88
1995,1349,13,14,895,1083,1049,934,-154,149
1995,1350,20,8,1284,606,1494,561,-210,45
1995,1351,11,17,733,1377,802,1126,-69,251
1995,1352,23,4,1523,334,1883,303,-360,31
1995,1353,15,13,981,1062,1116,889,-135,173
1995,1354,12,13,748,982,933,862,-185,120
1995,1356,8,22,583,1709,638,1505,-55,204
1995,1358,19,5,1257,377,1485,355,-228,22
1995,1359,11,14,740,1108,866,951,-126,157
1995,1360,16,10,1016,843,1204,715,-188,128
1995,1361,17,8,1023,528,1236,455,-213,73
1995,1362,18,10,1214,931,1524,827,-310,104
1995,1363,23,3,1421,263,1752,238,-331,25
1995,1364,14,13,929,1014,1062,847,-133,167
1995,1365,6,20,400,1592,473,1297,-73,295
1995,1368,16,10,1194,906,1398,792,-204,114
1995,1369,14,11,927,865,1115,778,-188,87
1995,1371,13,16,955,1380,1084,1107,-129,273
1995,1372,14,12,1219,1027,1354,905,-135,122
1995,1373,19,8,1204,704,1375,624,-171,80
1995,1374,20,7,1351,544,1706,498,-355,46
1995,1375,18,9,1390,894,1700,776,-310,118
1995,1376,17,10,1067,740,1335,629,-268,111
1995,1378,11,16,732,1242,821,1023,-89,219
1995,1379,12,16,828,1238,938,1054,-110,184
1995,1380,13,9,1051,907,1152,770,-101,137
1995,1381,11,13,769,1129,865,836,-96,293
1995,1382,12,16,813,1202,889,984,-76,218
1995,1383,18,9,1289,754,1570,673,-281,81
1995,1384,16,12,1051,955,1221,842,-170,113
1995,1385,13,14,997,1154,1109,992,-112,162
1995,1386,11,17,686,1306,794,1118,-108,188
1995,1387,7,22,476,1751,530,1285,-54,466
1995,1388,10,18,643,1353,754,1117,-111,236
1995,1389,10,19,630,1367,747,1198,-117,169
1995,1390,8,19,591,1575,673,1304,-82,271
1995,1391,12,14,808,1162,915,994,-107,168
1995,1393,9,18,706,1481,756,1204,-50,277
1995,1395,11,15,927,1483,1033,1324,-106,159
1995,1396,10,19,555,1255,651,1064,-96,191
1995,1397,16,11,854,771,1065,645,-211,126
1995,1398,10,16,716,1275,798,1141,-82,134
1995,1399,14,10,962,797,1181,709,-219,88
1995,1400,6,22,521,2108,590,1680,-69,428
1995,1401,16,13,1104,1044,1334,912,-230,132
1995,1402,14,10,908,632,1121,587,-213,45
1995,1403,9,18,714,1656,785,1292,-71,364
1995,1404,20,6,1284,445,1654,401,-370,44
1995,1405,11,14,698,1096,803,929,-105,167
1995,1406,15,12,1067,943,1276,858,-209,85
1995,1407,15,10,1263,966,1469,842,-206,124
1995,1408,9,22,603,1807,716,1493,-113,314
1995,1409,7,22,477,1734,555,1402,-78,332
1995,1410,14,12,873,794,1009,672,-136,122
1995,1411,6,20,423,1713,465,1434,-42,279
1995,1412,15,14,934,1105,1132,893,-198,212
1995,1414,16,13,1201,1028,1410,913,-209,115
1995,1416,16,10,1117,844,1287,750,-170,94
1995,1417,2,25,165,2206,182,1824,-17,382
1995,1418,22,5,1478,322,1690,289,-212,33
1995,1419,18,14,1227,1179,1478,997,-251,182
1995,1420,14,12,896,821,1046,748,-150,73
1995,1421,16,8,975,618,1158,533,-183,85
1995,1422,6,23,391,1815,439,1430,-48,385
1995,1423,11,16,650,1184,782,983,-132,201
1995,1424,16,12,1183,964,1355,844,-172,120
1995,1425,21,7,1546,594,1764,502,-218,92
1995,1426,17,9,1182,721,1446,619,-264,102
1995,1427,13,13,920,1109,1091,975,-171,134
1995,1428,5,25,321,2006,355,1604,-34,402
1995,1429,7,19,501,1514,555,1229,-54,285
1995,1431,9,16,633,1251,722,1089,-89,162
1995,1433,14,14,887,1075,1066,890,-179,185
1995,1434,8,18,556,1445,637,1177,-81,268
1995,1435,15,13,994,1050,1127,845,-133,205
1995,1436,13,13,892,1054,1023,926,-131,128
1995,1437,7,24,431,2001,506,1658,-75,343
1995,1438,8,22,547,1802,592,1428,-45,374
1995,1439,10,20,669,1618,736,1301,-67,317
1995,1440,17,7,1309,572,1643,513,-334,59
1995,1441,14,10,975,793,1199,705,-224,88
1995,1442,8,18,523,1473,613,1247,-90,226
1995,1443,3,25,228,2000,261,1661,-33,339
1995,1444,13,14,848,995,993,853,-145,142
1995,1447,17,10,1166,814,1434,747,-268,67
1995,1448,5,24,320,1748,355,1479,-35,269
1995,1449,18,9,1166,639,1356,552,-190,87
1995,1450,11,14,864,1192,971,966,-107,226
1995,1451,8,17,568,1360,643,1157,-75,203
1995,1452,13,12,909,969,1061,867,-152,102
1995,1453,7,22,437,1466,525,1193,-88,273
1995,1454,23,3,1507,238,1885,206,-378,32
1995,1455,14,12,869,782,1015,697,-146,85
1995,1456,19,8,1216,679,1441,589,-225,90
1995,1457,20,6,1381,484,1701,439,-320,45
1995,1458,14,13,974,996,1125,809,-151,187
1995,1460,17,12,1128,949,1343,825,-215,124
1995,1461,15,11,927,756,1024,659,-97,97
1995,1462,4,22,278,1903,324,1546,-46,357
1995,1463,17,8,1038,558,1253,496,-215,62
1995,1464,10,16,671,1135,773,983,-102,152
1996,1102,22,2,1399,167,1670,152,-271,15
1996,1103,23,2,1400,149,1771,120,-371,29
1996,1104,11,16,701,1245,844,1085,-143,160
1996,1106,17,7,1165,560,1447,537,-282,23
1996,1108,15,8,1056,695,1334,624,-278,71
1996,1110,15,11,985,911,1162,754,-177,157
1996,1111,20,6,1314,491,1699,445,-385,46
1996,1112,6,24,449,1987,499,1666,-50,321
1996,1113,16,11,1129,851,1347,750,-218,101
1996,1114,6,21,390,1630,441,1368,-51,262
1996,1116,12,18,851,1495,1011,1216,-160,279
1996,1117,18,8,1239,545,1482,470,-243,75
1996,1119,20,4,1243,312,1537,283,-294,29
1996,1120,12,18,785,1428,919,1221,-134,207
1996,1122,10,17,687,1413,789,1194,-102,219
1996,1123,12,16,825,1241,1034,1000,-209,241
1996,1124,17,8,1181,668,1354,591,-173,77
1996,1126,15,8,976,529,1160,457,-184,72
1996,1129,12,14,717,957,866,830,-149,127
1996,1130,10,18,692,1501,772,1189,-80,312
1996,1131,11,18,708,1329,809,1133,-101,196
1996,1132,13,12,768,893,913,746,-145,147
1996,1133,7,22,443,1635,494,1391,-51,244
1996,1135,16,10,904,728,1119,644,-215,84
1996,1137,11,15,670,1150,827,951,-157,199
1996,1138,14,13,901,916,1054,815,-153,101
1996,1139,8,18,516,1351,610,1147,-94,204
1996,1140,13,15,1026,1277,1120,1074,-94,203
1996,1141,20,4,1346,292,1524,275,-178,17
1996,1142,13,12,959,993,1105,866,-146,127
1996,1143,10,17,662,1391,742,1148,-80,243
1996,1144,11,15,666,1018,784,911,-118,107
1996,1145,10,19,637,1293,713,1106,-76,187
1996,1147,16,9,1091,779,1282,695,-191,84
1996,1148,15,12,1015,1096,1251,918,-236,178
1996,1149,13,13,856,992,1012,857,-156,135
1996,1150,15,14,933,1057,1075,896,-142,161
1996,1151,12,13,788,1017,916,788,-128,229
1996,1152,25,2,1808,205,2442,160,-634,45
1996,1153,4,25,282,2051,295,1587,-13,464
1996,1154,16,7,995,539,1295,487,-300,52
1996,1155,10,18,570,1327,711,1034,-141,293
1996,1156,21,5,1250,337,1615,302,-365,35
1996,1157,21,3,1352,219,1667,202,-315,17
1996,1158,3,22,204,1670,242,1332,-38,338
1996,1159,14,15,921,1184,1118,1009,-197,175
1996,1160,18,9,1244,804,1493,698,-249,106
1996,1161,11,16,764,1325,850,1164,-86,161
1996,1162,19,6,1035,407,1346,351,-311,56
1996,1163,2,30,160,2512,178,1887,-18,625
1996,1164,10,17,681,1382,789,1150,-108,232
1996,1165,16,9,938,646,1140,574,-202,72
1996,1166,15,13,917,940,1037,827,-120,113
1996,1168,20,6,1280,462,1575,421,-295,41
1996,1169,18,6,1165,463,1475,420,-310,43
1996,1170,20,5,1302,395,1650,353,-348,42
1996,1171,10,15,549,1032,707,920,-158,112
1996,1172,4,22,266,1904,308,1447,-42,457
1996,1173,14,15,865,1180,1032,999,-167,181
1996,1174,12,13,831,991,926,805,-95,186
1996,1175,17,10,1134,752,1515,690,-381,62
1996,1177,18,11,1191,845,1401,685,-210,160
1996,1178,11,17,650,1219,744,1049,-94,170
1996,1179,15,12,990,886,1197,773,-207,113
1996,1180,3,25,227,2118,237,1628,-10,490
1996,1181,12,18,811,1465,884,1204,-73,261
1996,1182,18,9,1292,725,1477,646,-185,79
1996,1183,15,12,993,868,1239,749,-246,119
1996,1184,14,11,979,838,1135,767,-156,71
1996,1185,5,22,357,1887,400,1618,-43,269
1996,1186,23,1,1459,73,1805,65,-346,8
1996,1187,11,16,722,1122,865,972,-143,150
1996,1190,20,5,1415,407,1736,343,-321,64
1996,1191,14,13,887,1056,1035,862,-148,194
1996,1192,20,7,1269,542,1555,457,-286,85
1996,1193,9,20,553,1495,679,1319,-126,176
1996,1194,18,8,1136,649,1286,534,-150,115
1996,1196,16,12,985,884,1236,738,-251,146
1996,1197,19,4,1077,269,1429,234,-352,35
1996,1198,15,11,990,869,1253,801,-263,68
1996,1199,14,13,953,1080,1105,868,-152,212
1996,1200,23,4,1349,279,1691,244,-342,35
1996,1201,10,19,775,1559,871,1375,-96,184
1996,1202,17,7,1214,537,1476,443,-262,94
1996,1203,7,21,512,1672,580,1446,-68,226
1996,1204,23,2,1243,144,1637,140,-394,4
1996,1206,16,10,1294,1036,1476,890,-182,146
1996,1207,7,24,490,2047,572,1549,-82,498
1996,1208,9,19,648,1570,722,1162,-74,408
1996,1209,15,10,1051,748,1226,666,-175,82
1996,1210,11,22,767,1858,874,1606,-107,252
1996,1211,8,19,516,1414,567,1147,-51,267
1996,1212,16,10,1098,818,1233,699,-135,119
1996,1214,17,7,1212,548,1452,468,-240,80
1996,1216,22,6,1558,484,1878,427,-320,57
1996,1217,11,14,675,985,765,756,-90,229
1996,1218,18,10,1334,815,1500,695,-166,120
1996,1220,18,8,1148,604,1472,495,-324,109
1996,1221,13,16,923,1317,1085,1157,-162,160
1996,1222,10,15,693,1210,804,1086,-111,124
1996,1224,19,7,1223,538,1485,465,-262,73
1996,1225,16,10,1067,777,1220,684,-153,93
1996,1226,15,9,946,689,1169,605,-223,84
1996,1227,18,9,1266,787,1550,671,-284,116
1996,1228,12,18,786,1497,874,1217,-88,280
1996,1229,11,19,747,1397,849,1236,-102,161
1996,1231,11,18,757,1457,871,1128,-114,329
1996,1232,16,10,1070,733,1296,637,-226,96
1996,1233,7,21,431,1594,541,1352,-110,242
1996,1234,8,22,583,1811,649,1357,-66,454
1996,1235,8,22,474,1532,565,1328,-91,204
1996,1238,13,14,911,1129,1080,1018,-169,111
1996,1239,13,15,906,1216,1047,1088,-141,128
1996,1240,17,8,1289,730,1510,573,-221,157
1996,1241,20,10,1273,780,1490,727,-217,53
1996,1242,4,25,273,2057,292,1634,-19,423
1996,1243,11,16,681,1178,800,1037,-119,141
1996,1245,13,13,873,1078,1029,923,-156,155
1996,1246,2,28,155,2602,176,1915,-21,687
1996,1247,24,6,1474,429,1727,394,-253,35
1996,1248,18,7,1153,535,1367,451,-214,84
1996,1249,15,10,996,766,1168,657,-172,109
1996,1250,23,3,1527,234,1855,207,-328,27
1996,1251,12,15,754,1065,878,890,-124,175
1996,1253,11,16,730,1263,838,1054,-108,209
1996,1254,19,8,1371,683,1773,584,-402,99
1996,1256,17,10,991,677,1148,597,-157,80
1996,1257,11,19,756,1547,863,1269,-107,278
1996,1258,11,16,688,1179,826,1044,-138,135
1996,1259,15,11,947,762,1082,681,-135,81
1996,1260,19,7,1182,570,1395,487,-213,83
1996,1261,17,11,1241,920,1453,782,-212,138
1996,1263,13,15,791,1130,938,947,-147,183
1996,1264,11,17,687,1230,782,965,-95,265
1996,1265,6,22,372,1645,419,1373,-47,272
1996,1266,7,22,466,1669,522,1333,-56,336
1996,1267,11,16,934,1502,1098,1182,-164,320
1996,1268,12,17,872,1489,979,1218,-107,271
1996,1269,1,31,76,2282,86,1871,-10,411
1996,1270,12,15,878,1241,985,1029,-107,212
1996,1271,16,9,926,645,1140,607,-214,38
1996,1272,7,22,425,1717,490,1407,-65,310
1996,1273,14,13,964,1044,1190,908,-226,136
1996,1274,13,15,767,1116,939,934,-172,182
1996,1275,7,20,418,1595,490,1248,-72,347
1996,1276,11,20,691,1516,800,1196,-109,320
1996,1277,15,14,844,939,1047,810,-203,129
1996,1278,12,18,762,1331,927,1107,-165,224
1996,1279,15,11,914,867,1062,693,-148,174
1996,1280,7,22,444,1717,497,1446,-53,271
1996,1281,14,17,969,1456,1154,1183,-185,273
1996,1282,15,12,942,946,1094,810,-152,136
1996,1283,12,16,817,1279,925,1094,-108,185
1996,1284,9,20,559,1462,659,1228,-100,234
1996,1285,8,17,563,1329,642,1104,-79,225
1996,1286,8,19,595,1597,669,1212,-74,385
1996,1287,20,3,1346,219,1688,197,-342,22
1996,1288,20,7,1351,502,1696,462,-345,40
1996,1290,6,18,470,1589,507,1356,-37,233
1996,1291,7,21,468,1676,565,1361,-97,315
1996,1292,12,13,831,1036,930,913,-99,123
1996,1293,9,16,631,1312,695,1135,-64,177
1996,1296,9,19,549,1511,596,1232,-47,279
1996,1298,12,13,709,884,863,778,-154,106
1996,1299,16,8,1023,554,1305,507,-282,47
1996,1301,16,15,1171,1336,1282,1036,-111,300
1996,1302,13,12,930,990,1093,850,-163,140
1996,1304,14,16,1041,1361,1172,1110,-131,251
1996,1305,13,16,873,1246,992,1115,-119,131
1996,1306,21,6,1480,520,1756,467,-276,53
1996,1307,4,26,255,2100,293,1812,-38,288
1996,1308,15,10,965,722,1116,661,-151,61
1996,1309,8,21,552,1564,615,1345,-63,219
1996,1310,15,13,908,872,1093,794,-185,78
1996,1311,21,5,1368,356,1729,306,-361,50
1996,1314,10,20,729,1599,804,1315,-75,284
1996,1317,13,15,813,1071,941,921,-128,150
1996,1318,24,4,1520,303,1898,269,-378,34
1996,1319,20,4,1287,293,1566,255,-279,38
1996,1320,13,14,920,1163,1034,1005,-114,158
1996,1321,20,7,1222,506,1556,433,-334,73
1996,1322,20,5,1316,371,1569,307,-253,64
1996,1323,18,9,1108,695,1350,579,-242,116
1996,1325,14,15,921,1203,1057,1019,-136,184
1996,1326,17,10,999,809,1226,694,-227,115
1996,1328,12,17,820,1508,933,1198,-113,310
1996,1329,10,16,609,1211,695,969,-86,242
1996,1330,13,17,863,1268,1022,1110,-159,158
1996,1331,9,16,575,1262,686,1036,-111,226
1996,1332,13,13,965,921,1097,780,-132,141
1996,1333,22,4,1193,251,1512,227,-319,24
1996,1334,12,14,776,1113,878,893,-102,220
1996,1335,10,17,603,1251,700,1004,-97,247
1996,1336,6,21,339,1676,385,1323,-46,353
1996,1337,18,9,1178,698,1387,644,-209,54
1996,1338,17,10,1096,852,1260,651,-164,201
1996,1339,10,17,669,1363,792,1152,-123,211
1996,1341,23,,1723,,2320,,-597,
1996,1343,6,20,291,1264,342,1006,-51,258
1996,1344,11,17,796,1398,877,1207,-81,191
1996,1345,5,25,322,1874,372,1539,-50,335
1996,1347,13,12,887,948,1013,817,-126,131
1996,1348,13,18,899,1497,1004,1203,-105,294
1996,1349,14,14,918,993,1086,853,-168,140
1996,1350,20,8,1286,639,1526,566,-240,73
1996,1351,11,19,708,1530,849,1248,-141,282
1996,1352,23,4,1426,291,1724,280,-298,11
1996,1353,18,8,1234,584,1420,536,-186,48
1996,1354,7,20,431,1519,503,1190,-72,329
1996,1356,17,10,1146,756,1330,671,-184,85
1996,1358,14,11,927,900,1069,800,-142,100
1996,1359,11,14,672,1038,776,906,-104,132
1996,1360,14,13,848,976,1017,850,-169,126
1996,1361,14,13,1009,1045,1138,890,-129,155
1996,1362,12,13,756,851,909,708,-153,143
1996,1363,16,13,1067,1022,1258,924,-191,98
1996,1364,15,11,980,831,1117,721,-137,110
1996,1365,8,19,488,1424,585,1177,-97,247
1996,1368,12,13,971,1129,1109,992,-138,137
1996,1369,19,7,1285,538,1555,479,-270,59
1996,1371,16,12,1084,970,1274,887,-190,83
1996,1372,11,15,806,1236,944,1090,-138,146
1996,1373,22,5,1302,379,1585,338,-283,41
1996,1374,20,6,1227,436,1470,388,-243,48
1996,1375,15,11,733,742,902,605,-169,137
1996,1376,11,17,749,1432,928,1141,-179,291
1996,1378,16,12,958,873,1122,703,-164,170
1996,1379,15,11,974,798,1148,673,-174,125
1996,1380,12,13,943,1287,1059,1087,-116,200
1996,1381,13,11,921,830,1064,714,-143,116
1996,1382,18,10,1071,703,1280,598,-209,105
1996,1383,18,9,1139,668,1392,579,-253,89
1996,1384,14,13,797,976,1110,815,-313,161
1996,1385,16,11,1187,868,1370,751,-183,117
1996,1386,12,15,856,1129,923,1001,-67,128
1996,1387,13,16,739,1146,908,950,-169,196
1996,1388,15,12,1034,904,1169,803,-135,101
1996,1389,12,15,734,1100,841,861,-107,239
1996,1390,8,19,518,1523,585,1212,-67,311
1996,1391,17,8,1031,641,1293,534,-262,107
1996,1393,8,24,540,1913,629,1582,-89,331
1996,1395,14,14,1098,1219,1285,1110,-187,109
1996,1396,12,19,631,1224,798,1003,-167,221
1996,1397,14,14,793,971,949,823,-156,148
1996,1398,12,15,844,1156,1007,1054,-163,102
1996,1399,15,10,1070,857,1203,761,-133,96
1996,1400,9,20,635,1758,718,1447,-83,311
1996,1401,16,11,1025,790,1230,616,-205,174
1996,1402,15,9,834,618,1026,552,-192,66
1996,1403,1,28,77,2296,93,1884,-16,412
1996,1404,14,10,982,793,1178,698,-196,95
1996,1405,14,15,933,1159,1076,995,-143,164
1996,1406,12,15,835,1162,966,1013,-131,149
1996,1407,16,9,1417,894,1676,823,-259,71
1996,1408,9,18,631,1428,691,1201,-60,227
1996,1409,7,22,478,1734,530,1338,-52,396
1996,1410,19,8,1111,494,1324,398,-213,96
1996,1411,14,9,1052,713,1297,649,-245,64
1996,1412,14,14,914,982,1064,833,-150,149
1996,1414,12,15,847,1179,927,1043,-80,136
1996,1416,18,10,1252,820,1534,695,-282,125
1996,1417,7,23,497,1861,556,1589,-59,272
1996,1418,12,14,762,1134,876,989,-114,145
1996,1419,13,15,868,1287,1040,1071,-172,216
1996,1420,22,5,1252,343,1568,323,-316,20
1996,1421,10,14,596,1055,772,897,-176,158
1996,1422,9,20,539,1529,677,1229,-138,300
1996,1423,16,13,812,854,1029,665,-217,189
1996,1424,16,10,1029,714,1179,612,-150,102
1996,1425,19,11,1264,920,1544,810,-280,110
1996,1426,15,10,1004,775,1185,702,-181,73
1996,1427,13,13,997,976,1149,859,-152,117
1996,1428,6,23,392,1824,419,1414,-27,410
1996,1429,15,14,979,1038,1107,891,-128,147
1996,1431,15,11,1030,824,1165,714,-135,110
1996,1433,8,24,564,1823,630,1502,-66,321
1996,1434,10,19,737,1564,833,1307,-96,257
1996,1435,13,16,902,1267,1092,1048,-190,219
1996,1436,14,11,894,958,1137,845,-243,113
1996,1437,6,25,405,1931,481,1592,-76,339
1996,1438,15,12,967,908,1144,713,-177,195
1996,1439,5,22,289,1626,357,1336,-68,290
1996,1440,10,15,731,1329,918,1112,-187,217
1996,1441,11,15,818,1322,1002,1151,-184,171
1996,1442,12,15,704,1261,926,1100,-222,161
1996,1443,13,13,967,1004,1089,829,-122,175
1996,1444,12,15,795,1108,940,935,-145,173
1996,1447,17,10,1152,842,1327,722,-175,120
1996,1448,5,23,258,1696,311,1398,-53,298
1996,1449,11,16,707,1203,780,1045,-73,158
1996,1450,11,16,787,1240,879,1034,-92,206
1996,1451,10,18,729,1592,859,1331,-130,261
1996,1452,15,12,1086,1066,1241,836,-155,230
1996,1453,3,24,156,1614,194,1313,-38,301
1996,1454,18,8,1200,611,1409,514,-209,97
1996,1455,21,8,1199,571,1456,481,-257,90
1996,1456,16,9,1117,706,1299,559,-182,147
1996,1457,19,6,1250,451,1593,423,-343,28
1996,1458,14,15,798,1095,990,898,-192,197
1996,1459,22,1,1324,81,1785,76,-461,5
1996,1460,13,13,885,997,1046,868,-161,129
1996,1461,15,11,999,872,1178,773,-179,99
1996,1462,15,13,1030,1080,1185,897,-155,183
1996,1463,18,7,1054,471,1300,433,-246,38
1996,1464,15,10,912,748,1042,610,-130,138
1997,1102,18,4,1134,339,1337,270,-203,69
1997,1103,18,7,1181,580,1354,461,-173,119
1997,1104,14,16,888,1183,1022,940,-134,243
1997,1106,20,8,1170,615,1600,562,-430,53
1997,1108,15,9,1018,682,1227,602,-209,80
1997,1110,16,10,990,740,1186,668,-196,72
1997,1111,14,12,896,920,1059,783,-163,137
1997,1112,9,19,669,1714,712,1342,-43,372
1997,1113,20,8,1321,649,1558,551,-237,98
1997,1114,11,14,737,1087,831,930,-94,157
1997,1116,12,15,839,1299,978,933,-139,366
1997,1117,12,13,788,1029,943,899,-155,130
1997,1119,16,8,1050,594,1306,533,-256,61
1997,1120,15,14,841,1028,1048,821,-207,207
1997,1122,14,15,988,1256,1105,1072,-117,184
1997,1123,13,15,856,1229,1031,1045,-175,184
1997,1124,12,17,787,1272,925,1093,-138,179
1997,1126,16,11,1036,829,1203,734,-167,95
1997,1129,13,14,775,1007,882,796,-107,211
1997,1130,8,21,557,1598,632,1364,-75,234
1997,1131,4,25,251,1717,296,1482,-45,235
1997,1132,9,21,645,1784,694,1517,-49,267
1997,1133,12,16,713,1102,780,893,-67,209
1997,1135,22,4,1122,263,1469,237,-347,26
1997,1137,11,17,715,1238,814,1007,-99,231
1997,1138,11,17,690,1312,824,1116,-134,196
1997,1139,9,21,580,1480,637,1165,-57,315
1997,1140,25,1,1483,64,2000,61,-517,3
1997,1141,19,6,1294,499,1612,436,-318,63
1997,1142,16,11,1221,916,1346,760,-125,156
1997,1143,8,21,562,1653,629,1359,-67,294
1997,1144,16,9,950,655,1232,560,-282,95
1997,1145,12,17,658,1164,782,867,-124,297
1997,1147,18,7,1260,534,1566,478,-306,56
1997,1148,19,8,1152,521,1350,461,-198,60
1997,1149,12,15,839,1071,955,931,-116,140
1997,1150,8,21,519,1561,575,1325,-56,236
1997,1151,10,18,683,1386,758,1078,-75,308
1997,1152,23,4,1511,352,2010,308,-499,44
1997,1153,7,25,484,2107,557,1533,-73,574
1997,1154,14,9,857,723,1042,599,-185,124
1997,1155,9,21,550,1482,617,1206,-67,276
1997,1156,19,9,1189,622,1448,570,-259,52
1997,1157,15,9,853,662,1090,560,-237,102
1997,1158,2,26,114,2116,159,1695,-45,421
1997,1159,16,12,1005,1000,1189,830,-184,170
1997,1160,9,21,587,1617,718,1375,-131,242
1997,1161,9,17,627,1310,713,1135,-86,175
1997,1162,20,5,1179,374,1479,309,-300,65
1997,1163,14,14,824,997,936,757,-112,240
1997,1164,8,21,602,1692,697,1405,-95,287
1997,1165,11,14,639,947,815,794,-176,153
1997,1166,15,15,977,1047,1071,908,-94,139
1997,1168,14,13,915,1053,1089,906,-174,147
1997,1169,15,11,1051,913,1177,760,-126,153
1997,1170,21,2,1215,172,1693,148,-478,24
1997,1171,8,17,489,1218,532,992,-43,226
1997,1172,10,15,640,1187,767,961,-127,226
1997,1173,14,13,866,1037,1060,810,-194,227
1997,1174,16,13,1106,1055,1253,827,-147,228
1997,1175,20,7,1262,551,1624,496,-362,55
1997,1177,23,3,1221,216,1590,172,-369,44
1997,1178,13,15,752,1071,874,879,-122,192
1997,1179,26,2,1609,142,1936,118,-327,24
1997,1180,8,22,476,1706,531,1411,-55,295
1997,1181,8,23,565,1906,618,1401,-53,505
1997,1182,18,9,1219,761,1446,645,-227,116
1997,1183,15,10,1029,802,1249,704,-220,98
1997,1184,18,7,1131,556,1417,501,-286,55
1997,1185,10,19,747,1560,862,1373,-115,187
1997,1186,17,6,1127,449,1372,378,-245,71
1997,1187,10,16,626,1136,682,967,-56,169
1997,1190,20,5,1087,363,1501,330,-414,33
1997,1191,14,17,851,1114,1006,993,-155,121
1997,1192,10,18,647,1379,832,1238,-185,141
1997,1193,18,11,1076,841,1267,726,-191,115
1997,1194,11,14,690,1046,806,883,-116,163
1997,1196,17,12,1170,957,1359,759,-189,198
1997,1197,19,8,1250,611,1565,538,-315,73
1997,1198,13,16,904,1334,1014,1098,-110,236
1997,1199,11,16,680,1298,802,986,-122,312
1997,1200,21,6,1270,394,1563,361,-293,33
1997,1201,11,19,830,1605,959,1354,-129,251
1997,1202,17,8,1072,545,1325,453,-253,92
1997,1203,13,15,828,1068,942,841,-114,227
1997,1204,18,8,972,583,1399,507,-427,76
1997,1206,17,10,1269,880,1474,778,-205,102
1997,1207,9,19,587,1339,671,1097,-84,242
1997,1208,8,24,542,1764,645,1458,-103,306
1997,1209,17,8,1103,586,1313,488,-210,98
1997,1210,18,9,1045,615,1258,479,-213,136
1997,1211,12,13,758,1008,870,845,-112,163
1997,1212,16,9,1008,650,1214,607,-206,43
1997,1214,19,8,1217,599,1426,526,-209,73
1997,1216,11,17,759,1296,882,1093,-123,203
1997,1217,9,16,551,1150,634,934,-83,216
1997,1218,7,20,458,1565,537,1314,-79,251
1997,1220,15,11,906,803,1067,701,-161,102
1997,1221,19,8,1235,580,1472,514,-237,66
1997,1222,15,10,1020,801,1190,699,-170,102
1997,1224,19,7,1293,563,1615,508,-322,55
1997,1225,17,8,994,534,1239,480,-245,54
1997,1226,13,11,874,885,1012,740,-138,145
1997,1227,14,15,816,1069,982,914,-166,155
1997,1228,9,21,592,1703,683,1362,-91,341
1997,1229,5,24,353,1816,409,1492,-56,324
1997,1231,10,22,694,1641,789,1378,-95,263
1997,1232,16,12,998,945,1257,811,-259,134
1997,1233,7,22,443,1811,503,1525,-60,286
1997,1234,9,20,547,1558,623,1243,-76,315
1997,1235,8,20,474,1410,556,1119,-82,291
1997,1238,15,13,969,1028,1236,864,-267,164
1997,1239,23,5,1645,431,2037,397,-392,34
1997,1240,16,9,1104,682,1283,586,-179,96
1997,1241,13,15,844,1099,952,977,-108,122
1997,1242,1,31,94,2639,96,2009,-2,630
1997,1243,17,9,1004,661,1273,544,-269,117
1997,1245,18,7,1158,522,1381,467,-223,55
1997,1246,4,29,285,2457,308,1729,-23,728
1997,1247,17,10,1065,712,1242,607,-177,105
1997,1248,17,9,1037,692,1318,632,-281,60
1997,1249,12,13,799,1025,907,920,-108,105
1997,1250,26,1,1668,79,2143,75,-475,4
1997,1251,9,20,503,1439,610,1213,-107,226
1997,1253,14,13,947,1010,1100,867,-153,143
1997,1254,8,21,678,1977,762,1644,-84,333
1997,1256,13,14,806,975,904,797,-98,178
1997,1257,8,23,479,1871,574,1628,-95,243
1997,1258,21,6,1400,432,1644,393,-244,39
1997,1259,14,13,903,955,1054,803,-151,152
1997,1260,15,11,852,815,1039,661,-187,154
1997,1261,20,10,1239,761,1496,618,-257,143
1997,1263,18,10,1088,667,1299,575,-211,92
1997,1264,18,9,1002,631,1193,535,-191,96
1997,1265,22,6,1383,414,1680,383,-297,31
1997,1266,8,22,483,1567,558,1152,-75,415
1997,1267,9,19,635,1579,756,1354,-121,225
1997,1268,10,21,678,1662,766,1295,-88,367
1997,1269,13,18,812,1264,939,1081,-127,183
1997,1270,12,16,850,1427,1008,1152,-158,275
1997,1271,17,8,1163,623,1339,544,-176,79
1997,1272,14,16,811,1079,931,921,-120,158
1997,1273,22,2,1366,154,1790,144,-424,10
1997,1274,12,16,713,1111,817,928,-104,183
1997,1275,8,21,556,1589,642,1240,-86,349
1997,1276,11,19,727,1491,787,1264,-60,227
1997,1277,11,16,705,1192,835,952,-130,240
1997,1278,3,26,222,2022,232,1587,-10,435
1997,1279,8,19,481,1424,566,1159,-85,265
1997,1280,18,11,1055,821,1329,692,-274,129
1997,1281,17,15,1120,1243,1308,1017,-188,226
1997,1282,17,8,1085,649,1338,574,-253,75
1997,1283,8,24,534,1905,642,1652,-108,253
1997,1284,11,18,666,1398,735,1172,-69,226
1997,1285,10,17,717,1279,809,1045,-92,234
1997,1286,13,12,878,1027,1044,866,-166,161
1997,1287,19,6,1471,523,1758,460,-287,63
1997,1288,18,9,1128,701,1420,627,-292,74
1997,1290,10,17,746,1459,863,1276,-117,183
1997,1291,13,14,901,1042,1027,927,-126,115
1997,1292,12,16,793,1316,948,1120,-155,196
1997,1293,9,17,606,1406,716,1187,-110,219
1997,1296,15,11,936,803,1115,694,-179,109
1997,1298,8,18,500,1374,614,1152,-114,222
1997,1299,12,13,780,1007,880,877,-100,130
1997,1301,14,15,717,964,876,708,-159,256
1997,1302,12,14,881,1048,1017,916,-136,132
1997,1304,14,16,957,1238,1074,1075,-117,163
1997,1305,9,19,572,1495,678,1293,-106,202
1997,1306,20,7,1140,450,1435,431,-295,19
1997,1307,7,23,436,1837,533,1391,-97,446
1997,1308,9,17,660,1390,734,1138,-74,252
1997,1309,6,22,362,1650,418,1323,-56,327
1997,1310,17,11,1141,809,1390,702,-249,107
1997,1311,16,8,1127,694,1341,634,-214,60
1997,1314,6,24,411,1925,488,1519,-77,406
1997,1317,16,7,966,535,1133,504,-167,31
1997,1318,20,7,1251,469,1529,430,-278,39
1997,1319,5,19,376,1492,429,1237,-53,255
1997,1320,12,16,784,1212,894,1053,-110,159
1997,1321,22,7,1243,474,1551,385,-308,89
1997,1322,15,12,991,933,1174,790,-183,143
1997,1323,13,14,832,1075,994,900,-162,175
1997,1325,10,16,669,1253,772,1084,-103,169
1997,1326,17,10,1111,776,1284,610,-173,166
1997,1328,10,19,661,1500,743,1137,-82,363
1997,1329,14,16,907,1171,1083,993,-176,178
1997,1330,10,22,666,1622,756,1390,-90,232
1997,1331,6,19,379,1502,424,1199,-45,303
1997,1332,10,16,682,1308,773,1095,-91,213
1997,1333,20,5,1335,371,1613,317,-278,54
1997,1334,5,22,383,1557,402,1217,-19,340
1997,1335,14,12,866,874,1062,714,-196,160
1997,1336,17,10,985,649,1216,564,-231,85
1997,1337,21,5,1188,367,1392,319,-204,48
1997,1338,14,16,826,1222,992,1058,-166,164
1997,1339,18,7,1143,515,1345,476,-202,39
1997,1341,17,7,1104,539,1465,513,-361,26
1997,1343,3,23,171,1500,202,1191,-31,309
1997,1344,11,20,775,1540,874,1271,-99,269
1997,1345,11,17,739,1279,916,1055,-177,224
1997,1347,13,14,869,1075,1068,949,-199,126
1997,1348,9,20,638,1706,688,1346,-50,360
1997,1349,15,10,906,722,1087,586,-181,136
1997,1350,15,13,935,991,1084,811,-149,180
1997,1351,13,14,874,1047,988,914,-114,133
1997,1352,23,4,1489,296,1797,274,-308,22
1997,1353,16,11,1016,723,1225,634,-209,89
1997,1354,12,13,720,990,897,868,-177,122
1997,1356,17,13,1172,1011,1351,850,-179,161
1997,1358,18,8,1085,594,1406,533,-321,61
1997,1359,9,17,547,1220,638,1088,-91,132
1997,1360,11,15,711,1127,795,947,-84,180
1997,1361,15,11,1028,928,1247,806,-219,122
1997,1362,12,14,776,987,879,874,-103,113
1997,1363,14,12,907,850,1106,768,-199,82
1997,1364,15,10,967,733,1139,663,-172,70
1997,1365,11,16,749,1166,856,995,-107,171
1997,1368,18,8,1267,597,1502,541,-235,56
1997,1369,17,10,1161,778,1375,697,-214,81
1997,1371,18,9,1146,689,1377,603,-231,86
1997,1372,15,10,1019,797,1260,703,-241,94
1997,1373,18,9,1082,686,1331,563,-249,123
1997,1374,12,15,702,1119,878,925,-176,194
1997,1375,6,21,310,1449,352,1160,-42,289
1997,1376,7,23,476,1766,557,1443,-81,323
1997,1378,19,8,1081,532,1341,439,-260,93
1997,1379,15,12,860,790,1035,629,-175,161
1997,1380,17,6,1265,530,1467,493,-202,37
1997,1381,17,5,969,366,1235,315,-266,51
1997,1382,14,14,935,1022,1094,856,-159,166
1997,1383,15,13,978,843,1175,763,-197,80
1997,1384,15,12,1028,857,1186,728,-158,129
1997,1385,14,13,890,925,1029,783,-139,142
1997,1386,6,24,380,1747,444,1509,-64,238
1997,1387,18,11,955,722,1204,583,-249,139
1997,1388,7,21,471,1514,510,1334,-39,180
1997,1389,15,13,836,826,1033,707,-197,119
1997,1390,7,18,504,1498,560,1157,-56,341
1997,1391,18,7,1014,510,1221,454,-207,56
1997,1393,12,19,804,1526,944,1182,-140,344
1997,1395,12,21,920,1854,1069,1496,-149,358
1997,1396,10,19,637,1299,724,1040,-87,259
1997,1397,16,11,810,735,1064,599,-254,136
1997,1398,18,9,1240,746,1494,642,-254,104
1997,1399,13,13,871,1049,1043,888,-172,161
1997,1400,11,16,764,1310,881,1106,-117,204
1997,1401,18,9,1124,630,1320,521,-196,109
1997,1402,12,15,748,1180,869,1022,-121,158
1997,1403,9,19,683,1560,743,1338,-60,222
1997,1404,16,9,983,702,1204,570,-221,132
1997,1405,14,12,932,921,1074,778,-142,143
1997,1406,19,9,1365,722,1574,636,-209,86
1997,1407,11,15,805,1234,1022,1070,-217,164
1997,1408,10,18,626,1414,725,1164,-99,250
1997,1409,9,23,562,1761,642,1382,-80,379
1997,1410,25,1,1358,57,1743,55,-385,2
1997,1411,16,10,1066,787,1321,669,-255,118
1997,1412,13,18,819,1261,960,1065,-141,196
1997,1414,25,1,1438,76,1992,74,-554,2
1997,1416,19,5,1215,407,1507,343,-292,64
1997,1417,7,21,507,1700,593,1456,-86,244
1997,1418,16,12,1097,957,1290,855,-193,102
1997,1419,14,13,900,972,1084,834,-184,138
1997,1420,22,4,1175,319,1492,289,-317,30
1997,1421,10,17,660,1186,846,1046,-186,140
1997,1422,20,10,1210,686,1461,603,-251,83
1997,1423,13,16,656,1057,829,946,-173,111
1997,1424,9,20,582,1530,657,1318,-75,212
1997,1425,10,17,748,1404,891,1156,-143,248
1997,1426,15,10,898,700,1139,637,-241,63
1997,1427,17,7,1235,551,1460,475,-225,76
1997,1428,3,25,191,1889,226,1491,-35,398
1997,1429,9,17,530,1248,633,1009,-103,239
1997,1431,13,10,729,771,902,664,-173,107
1997,1433,13,14,847,1063,975,877,-128,186
1997,1434,6,22,400,1688,444,1385,-44,303
1997,1435,11,18,645,1383,750,1153,-105,230
1997,1436,13,13,786,994,948,893,-162,101
1997,1437,9,22,612,1703,720,1361,-108,342
1997,1438,12,18,715,1324,844,1098,-129,226
1997,1439,16,14,917,916,1109,685,-192,231
1997,1440,16,9,1105,735,1361,645,-256,90
1997,1441,13,11,834,846,1129,710,-295,136
1997,1442,10,17,698,1321,783,1117,-85,204
1997,1443,15,11,960,871,1177,746,-217,125
1997,1444,14,14,826,1048,974,934,-148,114
1997,1447,17,10,1165,787,1376,695,-211,92
1997,1448,6,23,366,1638,406,1283,-40,355
1997,1449,10,16,666,1294,800,1087,-134,207
1997,1450,17,12,1207,950,1402,745,-195,205
1997,1451,12,14,839,1203,1038,1035,-199,168
1997,1452,9,19,600,1657,691,1347,-91,310
1997,1453,14,13,715,807,849,645,-134,162
1997,1454,20,7,1090,431,1404,399,-314,32
1997,1455,13,14,782,1033,861,840,-79,193
1997,1456,16,11,974,779,1143,676,-169,103
1997,1457,15,8,931,608,1183,540,-252,68
1997,1458,9,18,469,1127,577,900,-108,227
1997,1459,20,4,1143,358,1499,274,-356,84
1997,1460,20,6,1246,420,1477,374,-231,46
1997,1461,16,11,1087,853,1236,719,-149,134
1997,1462,5,22,373,1877,411,1523,-38,354
1997,1463,16,9,927,634,1137,541,-210,93
1997,1464,18,8,1046,588,1214,508,-168,80
1998,1102,16,5,943,375,1168,320,-225,55
1998,1103,10,16,734,1206,817,961,-83,245
1998,1104,15,15,968,1121,1121,930,-153,191
1998,1106,16,8,984,651,1224,567,-240,84
1998,1108,15,8,989,665,1170,581,-181,84
1998,1110,19,8,1092,558,1305,464,-213,94
1998,1111,8,18,497,1321,596,1151,-99,170
1998,1112,4,27,343,2515,360,1986,-17,529
1998,1113,13,17,990,1557,1185,1347,-195,210
1998,1114,13,14,760,1059,957,932,-197,127
1998,1116,7,23,503,2011,579,1606,-76,405
1998,1117,9,20,607,1563,708,1337,-101,226
1998,1119,19,7,1121,552,1478,512,-357,40
1998,1120,13,15,801,1130,971,915,-170,215
1998,1122,11,15,677,1149,837,924,-160,225
1998,1123,7,19,520,1505,569,1250,-49,255
1998,1124,14,14,869,1101,1068,950,-199,151
1998,1126,26,1,1562,79,2063,75,-501,4
1998,1129,13,15,832,1191,968,971,-136,220
1998,1130,16,14,1057,1029,1241,885,-184,144
1998,1131,11,19,698,1403,798,1228,-100,175
1998,1132,16,9,1011,677,1216,576,-205,101
1998,1133,14,14,801,995,903,834,-102,161
1998,1135,20,6,1090,388,1414,358,-324,30
1998,1137,15,12,958,902,1134,726,-176,176
1998,1138,13,13,874,1017,999,887,-125,130
1998,1139,10,19,604,1307,707,1124,-103,183
1998,1140,21,9,1270,636,1556,537,-286,99
1998,1141,21,4,1407,307,1770,295,-363,12
1998,1142,14,11,1136,943,1321,870,-185,73
1998,1143,15,11,971,854,1082,733,-111,121
1998,1144,17,7,989,526,1297,470,-308,56
1998,1145,14,13,881,964,1046,869,-165,95
1998,1147,20,10,1287,785,1543,671,-256,114
1998,1148,21,4,1352,274,1667,241,-315,33
1998,1149,22,3,1477,214,1802,192,-325,22
1998,1150,10,19,687,1436,765,1193,-78,243
1998,1151,14,10,828,678,1007,592,-179,86
1998,1152,25,2,1677,160,2273,148,-596,12
1998,1153,5,26,337,2034,377,1571,-40,463
1998,1154,12,12,671,847,790,716,-119,131
1998,1155,13,18,893,1344,983,1032,-90,312
1998,1156,15,12,903,842,1155,749,-252,93
1998,1157,17,6,979,421,1247,387,-268,34
1998,1158,5,22,296,1595,325,1179,-29,416
1998,1159,18,10,1279,796,1463,695,-184,101
1998,1160,14,12,937,919,1148,768,-211,151
1998,1161,8,18,483,1270,567,1050,-84,220
1998,1162,15,10,775,645,976,577,-201,68
1998,1163,4,29,251,2275,287,1774,-36,501
1998,1164,8,21,537,1713,610,1412,-73,301
1998,1165,17,8,999,560,1163,482,-164,78
1998,1166,9,18,578,1454,666,1212,-88,242
1998,1168,16,11,1115,855,1299,740,-184,115
1998,1169,15,9,1162,847,1269,694,-107,153
1998,1170,22,1,1266,73,1737,70,-471,3
1998,1171,19,7,1031,443,1300,395,-269,48
1998,1172,9,18,570,1327,696,1097,-126,230
1998,1173,11,20,772,1570,895,1290,-123,280
1998,1174,9,18,602,1364,693,1192,-91,172
1998,1175,18,7,1200,514,1544,480,-344,34
1998,1177,23,6,1299,421,1634,374,-335,47
1998,1178,5,22,324,1654,346,1347,-22,307
1998,1179,24,2,1418,140,1828,137,-410,3
1998,1180,15,13,941,929,1074,820,-133,109
1998,1181,3,27,214,2331,261,1649,-47,682
1998,1182,19,11,1306,867,1557,773,-251,94
1998,1183,11,14,757,1080,846,966,-89,114
1998,1184,16,9,1074,662,1289,601,-215,61
1998,1185,9,19,663,1579,751,1362,-88,217
1998,1186,10,14,688,1129,870,1020,-182,109
1998,1187,17,9,1033,703,1183,606,-150,97
1998,1190,16,9,931,675,1137,549,-206,126
1998,1191,15,14,952,1067,1088,871,-136,196
1998,1192,6,22,444,1903,481,1618,-37,285
1998,1193,15,12,975,921,1130,794,-155,127
1998,1194,21,5,1260,346,1707,316,-447,30
1998,1196,14,14,996,1143,1115,948,-119,195
1998,1197,17,11,1106,890,1338,778,-232,112
1998,1198,8,21,591,1942,724,1571,-133,371
1998,1199,13,17,829,1285,1007,1041,-178,244
1998,1200,21,6,1309,453,1555,399,-246,54
1998,1201,11,16,790,1417,896,1183,-106,234
1998,1202,19,7,1135,453,1355,416,-220,37
1998,1203,8,24,483,1872,605,1565,-122,307
1998,1204,17,7,1013,490,1239,439,-226,51
1998,1206,18,9,1074,623,1296,554,-222,69
1998,1207,14,13,910,977,1033,775,-123,202
1998,1208,14,16,951,1308,1053,1100,-102,208
1998,1209,12,14,763,1157,893,936,-130,221
1998,1210,13,17,889,1391,1038,1112,-149,279
1998,1211,9,21,638,1765,689,1439,-51,326
1998,1212,11,12,719,892,876,817,-157,75
1998,1214,12,14,783,987,991,861,-208,126
1998,1216,12,14,903,1143,1037,1007,-134,136
1998,1217,13,12,811,924,966,764,-155,160
1998,1218,8,19,579,1499,671,1225,-92,274
1998,1220,12,17,835,1305,961,1101,-126,204
1998,1221,20,7,1330,518,1593,480,-263,38
1998,1222,20,8,1231,539,1573,486,-342,53
1998,1224,20,8,1346,591,1632,529,-286,62
1998,1225,12,13,713,1062,828,913,-115,149
1998,1226,18,5,1184,386,1541,339,-357,47
1998,1227,5,22,344,1684,372,1402,-28,282
1998,1228,9,22,553,1623,626,1351,-73,272
1998,1229,5,23,364,1767,425,1487,-61,280
1998,1231,11,19,770,1525,911,1270,-141,255
1998,1232,11,16,689,1186,819,980,-130,206
1998,1233,5,26,347,2159,402,1762,-55,397
1998,1234,10,19,682,1615,769,1185,-87,430
1998,1235,18,10,1041,729,1272,645,-231,84
1998,1238,13,10,803,768,934,677,-131,91
1998,1239,19,8,1160,616,1369,544,-209,72
1998,1240,14,10,1031,779,1222,722,-191,57
1998,1241,16,11,936,793,1143,686,-207,107
1998,1242,3,33,221,2792,236,2210,-15,582
1998,1243,11,17,718,1406,851,1080,-133,326
1998,1245,16,11,1020,815,1231,724,-211,91
1998,1246,4,29,292,2317,327,1851,-35,466
1998,1247,18,9,1243,685,1510,601,-267,84
1998,1248,9,17,582,1329,698,1115,-116,214
1998,1249,14,15,877,1059,995,921,-118,138
1998,1250,17,8,1103,637,1383,563,-280,74
1998,1251,16,8,988,551,1209,485,-221,66
1998,1253,19,10,1182,668,1428,590,-246,78
1998,1254,10,18,894,1726,1042,1440,-148,286
1998,1256,15,12,873,976,1055,756,-182,220
1998,1257,20,12,1334,933,1499,804,-165,129
1998,1258,20,6,1419,487,1703,422,-284,65
1998,1259,16,12,1185,958,1357,860,-172,98
1998,1260,14,12,837,850,1042,740,-205,110
1998,1261,18,8,1056,525,1281,433,-225,92
1998,1263,20,5,1362,364,1631,334,-269,30
1998,1264,17,12,1039,864,1256,759,-217,105
1998,1265,17,11,1134,805,1327,715,-193,90
1998,1266,10,18,566,1232,656,1003,-90,229
1998,1267,16,9,999,662,1190,561,-191,101
1998,1268,10,19,692,1600,820,1270,-128,330
1998,1269,10,21,676,1509,765,1264,-89,245
1998,1270,19,6,1245,501,1506,458,-261,43
1998,1271,18,9,1101,737,1352,615,-251,122
1998,1272,11,16,749,1232,847,1082,-98,150
1998,1273,21,3,1341,253,1636,210,-295,43
1998,1274,9,18,598,1302,672,1099,-74,203
1998,1275,12,16,714,1190,846,1011,-132,179
1998,1276,8,23,554,1821,621,1468,-67,353
1998,1277,7,20,478,1520,532,1188,-54,332
1998,1278,15,15,1005,1126,1141,899,-136,227
1998,1279,6,20,432,1652,472,1337,-40,315
1998,1280,15,14,1052,1013,1157,832,-105,181
1998,1281,14,17,896,1298,1107,1099,-211,199
1998,1282,18,7,1132,570,1404,444,-272,126
1998,1283,16,16,1101,1268,1244,1003,-143,265
1998,1284,23,4,1350,274,1703,249,-353,25
1998,1285,13,12,843,835,1001,683,-158,152
1998,1286,10,15,682,1241,790,965,-108,276
1998,1287,23,3,1419,234,1740,207,-321,27
1998,1288,16,12,1089,945,1394,781,-305,164
1998,1290,19,5,1369,404,1623,375,-254,29
1998,1291,15,13,1081,919,1230,753,-149,166
1998,1292,9,15,616,1104,715,889,-99,215
1998,1293,3,25,196,2188,232,1747,-36,441
1998,1296,16,9,1041,630,1184,538,-143,92
1998,1298,10,16,575,1258,692,1005,-117,253
1998,1299,18,7,1184,544,1406,497,-222,47
1998,1301,14,16,780,1168,928,960,-148,208
1998,1302,19,4,1241,314,1614,292,-373,22
1998,1304,11,20,757,1468,932,1186,-175,282
1998,1305,12,15,812,1242,962,1090,-150,152
1998,1306,17,9,1073,619,1280,561,-207,58
1998,1307,7,23,415,1883,515,1476,-100,407
1998,1308,12,14,772,1145,831,990,-59,155
1998,1309,12,15,745,1125,881,932,-136,193
1998,1310,13,14,841,1112,979,922,-138,190
1998,1311,9,18,599,1483,700,1326,-101,157
1998,1313,20,5,1277,370,1586,324,-309,46
1998,1314,3,30,230,2495,252,1920,-22,575
1998,1317,21,5,1576,416,1965,389,-389,27
1998,1318,14,14,896,994,1061,864,-165,130
1998,1319,6,18,423,1504,478,1155,-55,349
1998,1320,17,10,1100,769,1292,608,-192,161
1998,1321,17,10,976,660,1227,497,-251,163
1998,1322,14,11,949,857,1109,754,-160,103
1998,1323,14,13,864,1032,1058,858,-194,174
1998,1325,21,5,1256,407,1642,372,-386,35
1998,1326,22,8,1394,584,1674,511,-280,73
1998,1328,10,20,659,1548,731,1307,-72,241
1998,1329,6,21,425,1716,458,1412,-33,304
1998,1330,16,12,913,825,1074,721,-161,104
1998,1331,12,16,783,1421,918,1138,-135,283
1998,1332,13,13,820,985,984,853,-164,132
1998,1333,17,9,1103,683,1280,544,-177,139
1998,1334,9,22,583,1678,631,1337,-48,341
1998,1335,12,17,801,1274,918,1093,-117,181
1998,1336,12,15,767,1195,907,946,-140,249
1998,1337,10,17,671,1214,750,1029,-79,185
1998,1338,16,11,1149,838,1337,739,-188,99
1998,1339,13,10,796,719,952,645,-156,74
1998,1341,15,9,1000,661,1282,594,-282,67
1998,1343,1,25,42,1702,50,1275,-8,427
1998,1344,16,13,969,927,1123,793,-154,134
1998,1345,7,26,488,2292,568,1846,-80,446
1998,1347,7,16,434,1298,513,1095,-79,203
1998,1348,8,22,565,1749,632,1505,-67,244
1998,1349,22,5,1350,343,1624,281,-274,62
1998,1350,7,22,445,1596,493,1285,-48,311
1998,1351,9,18,561,1343,653,1109,-92,234
1998,1352,19,7,1169,467,1390,406,-221,61
1998,1353,15,14,943,1064,1095,833,-152,231
1998,1354,6,22,384,1705,493,1449,-109,256
1998,1356,16,13,1090,1084,1244,945,-154,139
1998,1358,17,9,1122,683,1322,602,-200,81
1998,1359,12,12,714,928,867,755,-153,173
1998,1360,14,12,893,916,1052,805,-159,111
1998,1361,15,12,979,886,1200,786,-221,100
1998,1362,10,18,653,1410,769,1089,-116,321
1998,1363,23,3,1345,205,1813,182,-468,23
1998,1364,19,5,1283,398,1518,340,-235,58
1998,1365,10,17,731,1249,825,1033,-94,216
1998,1368,20,4,1501,343,1757,323,-256,20
1998,1369,13,11,865,875,1038,729,-173,146
1998,1371,14,14,876,1007,1040,876,-164,131
1998,1372,16,9,1068,708,1336,642,-268,66
1998,1373,12,17,917,1500,998,1325,-81,175
1998,1374,10,17,710,1353,791,1132,-81,221
1998,1375,6,21,339,1430,402,1060,-63,370
1998,1376,7,22,451,1627,547,1418,-96,209
1998,1378,13,17,787,1187,945,1043,-158,144
1998,1379,10,21,605,1549,708,1223,-103,326
1998,1380,13,10,999,935,1128,730,-129,205
1998,1381,20,5,1269,428,1539,370,-270,58
1998,1382,14,17,826,1217,978,1031,-152,186
1998,1383,12,14,852,1001,970,848,-118,153
1998,1384,10,16,652,1146,761,968,-109,178
1998,1385,9,21,587,1589,692,1342,-105,247
1998,1386,17,11,1101,771,1281,700,-180,71
1998,1387,10,21,638,1471,718,1238,-80,233
1998,1388,15,10,1071,796,1259,715,-188,81
1998,1389,19,8,1266,596,1449,503,-183,93
1998,1390,4,25,276,2052,349,1648,-73,404
1998,1391,14,10,894,756,1091,656,-197,100
1998,1393,8,24,490,1805,598,1560,-108,245
1998,1395,5,26,387,2630,436,1945,-49,685
1998,1396,8,21,523,1395,608,1130,-85,265
1998,1397,8,20,577,1542,662,1304,-85,238
1998,1398,16,11,1060,787,1253,692,-193,95
1998,1399,20,7,1228,504,1604,455,-376,49
1998,1400,17,14,1246,1217,1457,1066,-211,151
1998,1401,20,7,1385,641,1632,457,-247,184
1998,1402,11,16,723,1242,816,1080,-93,162
1998,1403,14,13,992,1096,1196,927,-204,169
1998,1404,20,6,1170,455,1532,414,-362,41
1998,1405,12,14,854,954,950,745,-96,209
1998,1406,20,8,1241,543,1391,457,-150,86
1998,1407,19,6,1265,457,1653,399,-388,58
1998,1408,22,7,1393,538,1645,454,-252,84
1998,1409,12,18,748,1301,865,1087,-117,214
1998,1410,24,3,1676,275,2228,247,-552,28
1998,1411,16,13,1078,1084,1273,961,-195,123
1998,1412,11,19,754,1489,912,1253,-158,236
1998,1414,18,7,1077,484,1334,436,-257,48
1998,1416,11,15,741,1209,860,1016,-119,193
1998,1417,8,21,650,1783,776,1572,-126,211
1998,1418,13,17,898,1337,1048,1153,-150,184
1998,1419,16,12,1130,1043,1359,919,-229,124
1998,1420,14,11,907,821,1063,706,-156,115
1998,1421,9,16,578,1166,714,988,-136,178
1998,1422,17,8,1026,549,1281,500,-255,49
1998,1423,10,20,550,1318,726,1123,-176,195
1998,1424,12,19,739,1419,897,1182,-158,237
1998,1425,19,9,1347,754,1619,632,-272,122
1998,1426,16,11,1081,812,1274,723,-193,89
1998,1427,10,15,662,1239,765,1040,-103,199
1998,1428,3,24,181,1687,193,1321,-12,366
1998,1429,7,22,410,1638,486,1393,-76,245
1998,1431,14,10,845,679,993,589,-148,90
1998,1433,19,9,1220,567,1379,500,-159,67
1998,1434,8,18,478,1408,552,1207,-74,201
1998,1435,12,18,838,1422,945,1163,-107,259
1998,1436,11,15,717,1198,798,1010,-81,188
1998,1437,17,12,1047,978,1247,845,-200,133
1998,1438,19,11,1211,761,1475,626,-264,135
1998,1439,17,10,1035,752,1207,619,-172,133
1998,1440,13,10,871,776,1063,713,-192,63
1998,1441,15,9,997,678,1194,585,-197,93
1998,1442,11,14,682,1057,854,921,-172,136
1998,1443,19,10,1193,712,1392,628,-199,84
1998,1444,7,20,458,1688,518,1370,-60,318
1998,1447,16,12,1112,937,1372,795,-260,142
1998,1448,13,15,772,1078,970,902,-198,176
1998,1449,9,18,678,1457,822,1268,-144,189
1998,1450,19,7,1302,528,1474,429,-172,99
1998,1451,12,12,805,949,952,780,-147,169
1998,1452,8,20,539,1664,600,1343,-61,321
1998,1453,12,16,655,1152,778,903,-123,249
1998,1454,24,3,1438,213,1774,197,-336,16
1998,1455,15,16,871,1099,1063,936,-192,163
1998,1456,7,19,420,1390,461,1159,-41,231
1998,1457,17,5,998,340,1283,308,-285,32
1998,1458,19,12,1061,816,1247,693,-186,123
1998,1459,18,6,1067,394,1381,349,-314,45
1998,1460,18,9,1142,655,1385,570,-243,85
1998,1461,8,18,442,1216,550,987,-108,229
1998,1462,7,22,518,1920,559,1437,-41,483
1998,1463,14,11,822,796,995,696,-173,100
1998,1464,9,18,557,1353,654,1101,-97,252
1999,1102,16,7,1130,591,1361,510,-231,81
1999,1103,9,17,625,1324,727,1117,-102,207
1999,1104,14,17,861,1226,1081,1020,-220,206
1999,1106,15,8,878,622,1087,539,-209,83
1999,1108,6,20,381,1582,472,1274,-91,308
1999,1110,21,5,1295,332,1535,283,-240,49
1999,1111,8,18,520,1376,624,1146,-104,230
1999,1112,6,22,455,1868,498,1622,-43,246
1999,1113,16,12,1105,968,1238,813,-133,155
1999,1114,15,10,896,734,1101,649,-205,85
1999,1115,22,1,1444,75,1897,62,-453,13
1999,1116,10,22,664,1845,785,1496,-121,349
1999,1117,11,17,773,1271,853,1052,-80,219
1999,1119,19,6,1027,420,1464,379,-437,41
1999,1120,3,27,207,2248,245,1601,-38,647
1999,1122,15,11,1015,862,1211,742,-196,120
1999,1123,11,15,687,1021,800,903,-113,118
1999,1124,24,5,1395,373,1713,319,-318,54
1999,1126,16,11,981,809,1183,696,-202,113
1999,1129,8,20,499,1412,566,1174,-67,238
1999,1130,21,6,1278,411,1600,332,-322,79
1999,1131,18,9,1110,626,1344,480,-234,146
1999,1132,10,16,624,1195,699,1004,-75,191
1999,1133,11,17,619,1155,759,965,-140,190
1999,1135,22,4,1303,275,1655,228,-352,47
1999,1137,13,14,758,987,908,769,-150,218
1999,1138,24,4,1405,238,1855,224,-450,14
1999,1139,8,20,451,1328,532,1128,-81,200
1999,1140,16,12,1059,950,1251,804,-192,146
1999,1141,16,9,1059,677,1217,612,-158,65
1999,1142,16,9,1234,846,1468,691,-234,155
1999,1143,11,17,748,1304,851,1097,-103,207
1999,1144,17,8,993,601,1271,539,-278,62
1999,1145,12,15,773,1145,925,1054,-152,91
1999,1147,14,13,791,898,967,819,-176,79
1999,1148,12,19,782,1395,866,1217,-84,178
1999,1149,14,7,945,573,1136,518,-191,55
1999,1150,10,22,614,1569,688,1377,-74,192
1999,1151,12,14,776,967,890,814,-114,153
1999,1152,22,3,1154,197,1688,191,-534,6
1999,1153,5,25,287,1921,309,1521,-22,400
1999,1154,18,5,992,369,1269,342,-277,27
1999,1155,14,15,893,1160,1042,830,-149,330
1999,1156,14,12,890,907,1076,773,-186,134
1999,1157,16,4,1081,346,1370,298,-289,48
1999,1158,2,25,107,1858,139,1464,-32,394
1999,1159,14,13,820,916,986,773,-166,143
1999,1160,14,15,893,1169,1042,943,-149,226
1999,1161,10,16,662,1220,727,1006,-65,214
1999,1162,16,8,856,528,1109,464,-253,64
1999,1163,2,28,113,2213,132,1691,-19,522
1999,1164,14,15,844,1148,1016,973,-172,175
1999,1165,15,10,884,703,1051,589,-167,114
1999,1166,8,21,585,1647,642,1353,-57,294
1999,1168,14,12,876,919,1121,811,-245,108
1999,1169,12,15,959,1239,1069,1065,-110,174
1999,1170,23,3,1379,189,1848,181,-469,8
1999,1171,12,13,672,921,878,786,-206,135
1999,1172,11,13,741,1030,832,839,-91,191
1999,1173,17,11,1073,827,1235,671,-162,156
1999,1174,5,25,317,2025,364,1673,-47,352
1999,1175,19,7,1349,565,1605,523,-256,42
1999,1176,17,10,1168,820,1428,721,-260,99
1999,1177,12,17,787,1340,947,1147,-160,193
1999,1178,5,23,276,1522,313,1209,-37,313
1999,1179,17,9,991,685,1266,595,-275,90
1999,1180,9,20,572,1464,666,1221,-94,243
1999,1181,1,32,75,3005,77,2164,-2,841
1999,1182,23,4,1370,291,1724,251,-354,40
1999,1183,16,12,1117,876,1278,801,-161,75
1999,1184,23,2,1464,139,1874,133,-410,6
1999,1185,20,5,1175,315,1453,286,-278,29
1999,1186,17,8,1159,653,1381,548,-222,105
1999,1187,14,12,816,816,967,688,-151,128
1999,1190,11,14,669,1067,835,907,-166,160
1999,1191,9,21,613,1606,731,1400,-118,206
1999,1192,16,11,996,762,1139,667,-143,95
1999,1193,15,12,1123,988,1318,872,-195,116
1999,1194,20,5,1373,414,1679,384,-306,30
1999,1196,8,20,544,1715,679,1289,-135,426
1999,1197,18,12,1292,902,1508,795,-216,107
1999,1198,16,13,1062,949,1244,769,-182,180
1999,1199,17,13,1133,985,1395,805,-262,180
1999,1200,15,12,938,846,1126,753,-188,93
1999,1201,11,20,772,1709,921,1426,-149,283
1999,1202,16,11,986,800,1185,687,-199,113
1999,1203,8,20,572,1645,663,1374,-91,271
1999,1204,16,8,926,561,1130,474,-204,87
1999,1206,10,18,680,1398,747,1149,-67,249
1999,1207,15,14,952,1039,1073,857,-121,182
1999,1208,14,15,986,1105,1112,929,-126,176
1999,1209,13,16,888,1227,1033,990,-145,237
1999,1210,15,15,870,1153,1162,1009,-292,144
1999,1211,6,24,398,1971,452,1497,-54,474
1999,1212,20,5,1300,396,1626,329,-326,67
1999,1214,19,8,1239,635,1483,519,-244,116
1999,1216,16,11,1029,824,1331,722,-302,102
1999,1217,13,12,853,896,979,765,-126,131
1999,1218,20,6,1246,413,1510,343,-264,70
1999,1220,9,20,528,1423,635,1148,-107,275
1999,1221,20,6,1086,402,1418,334,-332,68
1999,1222,17,10,1187,727,1449,679,-262,48
1999,1224,25,2,1493,150,1954,135,-461,15
1999,1225,11,14,706,1109,821,944,-115,165
1999,1226,20,5,1219,371,1526,323,-307,48
1999,1227,21,7,1133,500,1449,420,-316,80
1999,1228,18,14,1036,931,1208,800,-172,131
1999,1229,14,16,897,1173,1007,1031,-110,142
1999,1231,10,22,658,1738,768,1424,-110,314
1999,1232,12,15,793,1074,862,898,-69,176
1999,1233,14,15,982,1213,1120,1038,-138,175
1999,1234,9,18,626,1364,722,1163,-96,201
1999,1235,15,14,860,914,1027,755,-167,159
1999,1237,14,8,850,595,1027,523,-177,72
1999,1238,12,13,765,911,970,781,-205,130
1999,1239,15,10,890,694,1076,610,-186,84
1999,1240,18,6,1033,453,1301,406,-268,47
1999,1241,11,16,725,1212,802,985,-77,227
1999,1242,9,21,575,1531,651,1244,-76,287
1999,1243,12,19,725,1412,856,1125,-131,287
1999,1245,6,21,387,1486,435,1305,-48,181
1999,1246,8,25,493,1999,548,1508,-55,491
1999,1247,15,13,997,1026,1196,892,-199,134
1999,1248,7,20,441,1501,519,1275,-78,226
1999,1249,11,15,753,1194,862,984,-109,210
1999,1250,22,4,1298,294,1656,258,-358,36
1999,1251,20,,1387,,1735,,-348,
1999,1253,15,12,896,910,1083,834,-187,76
1999,1254,17,10,1112,716,1355,606,-243,110
1999,1256,9,19,601,1533,688,1296,-87,237
1999,1257,10,19,619,1629,735,1296,-116,333
1999,1258,16,9,1122,757,1392,663,-270,94
1999,1259,15,13,1117,1048,1236,905,-119,143
1999,1260,17,9,941,623,1166,564,-225,59
1999,1261,15,11,946,765,1164,634,-218,131
1999,1263,9,18,634,1519,713,1269,-79,250
1999,1264,22,5,1310,378,1571,313,-261,65
1999,1265,12,16,847,1186,953,1037,-106,149
1999,1266,15,14,872,951,1037,780,-165,171
1999,1267,11,14,780,1105,855,925,-75,180
1999,1268,5,25,383,2189,451,1577,-68,612
1999,1269,16,14,993,936,1120,796,-127,140
1999,1270,15,13,998,1095,1187,939,-189,156
1999,1271,17,10,1128,781,1297,681,-169,100
1999,1272,15,13,1096,1045,1242,897,-146,148
1999,1273,18,7,1038,550,1336,505,-298,45
1999,1274,6,22,373,1667,403,1420,-30,247
1999,1275,7,22,404,1591,467,1292,-63,299
1999,1276,19,12,1187,848,1434,700,-247,148
1999,1277,4,28,245,2046,281,1616,-36,430
1999,1278,10,17,607,1258,697,1055,-90,203
1999,1279,12,16,781,1340,893,1022,-112,318
1999,1280,12,19,760,1397,871,1124,-111,273
1999,1281,8,20,521,1501,615,1158,-94,343
1999,1282,20,7,1368,516,1579,459,-211,57
1999,1283,10,20,666,1563,736,1276,-70,287
1999,1284,20,5,1182,389,1417,341,-235,48
1999,1285,14,10,920,760,1055,624,-135,136
1999,1286,13,13,922,1086,1056,911,-134,175
1999,1287,15,11,1040,916,1252,801,-212,115
1999,1288,14,14,842,1017,1096,905,-254,112
1999,1290,12,12,799,936,976,801,-177,135
1999,1291,14,15,918,1078,1037,966,-119,112
1999,1292,17,10,1078,742,1268,661,-190,81
1999,1293,5,25,347,2040,384,1632,-37,408
1999,1296,20,6,1118,442,1366,353,-248,89
1999,1298,7,17,463,1248,524,1012,-61,236
1999,1299,15,11,913,827,1106,733,-193,94
1999,1301,13,18,793,1420,998,1044,-205,376
1999,1304,12,19,644,1376,828,1137,-184,239
1999,1305,18,7,1105,585,1375,523,-270,62
1999,1306,23,4,1439,294,1847,261,-408,33
1999,1307,8,23,444,1909,565,1530,-121,379
1999,1308,8,21,450,1529,566,1300,-116,229
1999,1309,16,14,902,922,1107,811,-205,111
1999,1310,12,17,900,1441,1037,1286,-137,155
1999,1311,15,12,880,902,1055,792,-175,110
1999,1313,12,15,974,1354,1109,1179,-135,175
1999,1314,9,24,613,1741,724,1406,-111,335
1999,1317,22,4,1477,383,1928,319,-451,64
1999,1318,18,10,1188,739,1426,683,-238,56
1999,1319,8,18,556,1417,618,1142,-62,275
1999,1320,18,9,1214,689,1366,595,-152,94
1999,1321,13,14,709,900,825,731,-116,169
1999,1322,15,9,907,674,1092,610,-185,64
1999,1323,15,14,992,1094,1205,933,-213,161
1999,1325,10,17,671,1349,757,1083,-86,266
1999,1326,8,22,588,1664,636,1333,-48,331
1999,1328,10,19,624,1430,697,1097,-73,333
1999,1329,10,21,636,1538,693,1248,-57,290
1999,1330,8,22,522,1608,593,1346,-71,262
1999,1331,11,15,795,1197,868,1038,-73,159
1999,1332,11,15,755,1192,826,1030,-71,162
1999,1333,14,11,857,769,1032,628,-175,141
1999,1334,13,12,828,836,955,709,-127,127
1999,1335,5,21,285,1575,323,1242,-38,333
1999,1336,14,13,902,968,1005,796,-103,172
1999,1337,12,17,725,1149,851,980,-126,169
1999,1338,16,14,959,1058,1238,874,-279,184
1999,1339,18,7,1117,524,1361,428,-244,96
1999,1340,11,15,785,1235,901,1069,-116,166
1999,1341,19,4,1228,369,1650,314,-422,55
1999,1343,7,19,410,1194,496,871,-86,323
1999,1344,13,16,899,1299,1063,1130,-164,169
1999,1345,12,19,729,1413,856,1183,-127,230
1999,1346,18,8,1173,574,1471,535,-298,39
1999,1347,8,14,491,1182,613,997,-122,185
1999,1348,12,20,783,1522,883,1281,-100,241
1999,1349,10,16,570,1189,668,959,-98,230
1999,1350,12,15,715,1101,838,947,-123,154
1999,1351,16,12,1112,941,1251,774,-139,167
1999,1352,12,14,789,1067,901,913,-112,154
1999,1353,12,18,744,1378,850,1115,-106,263
1999,1354,11,16,670,1073,834,974,-164,99
1999,1356,12,15,733,1013,837,858,-104,155
1999,1358,16,9,1076,678,1310,617,-234,61
1999,1359,4,22,239,1678,254,1385,-15,293
1999,1360,9,16,541,1129,622,940,-81,189
1999,1361,22,3,1421,221,1783,207,-362,14
1999,1362,18,11,1085,758,1337,660,-252,98
1999,1363,16,11,919,831,1113,656,-194,175
1999,1364,12,14,806,1022,911,906,-105,116
1999,1365,15,14,908,978,1132,850,-224,128
1999,1368,20,4,1308,339,1716,301,-408,38
1999,1369,9,18,533,1349,608,1126,-75,223
1999,1371,14,14,841,1024,975,831,-134,193
1999,1372,22,3,1496,220,1779,197,-283,23
1999,1373,5,25,423,2185,471,1908,-48,277
1999,1374,14,14,962,1094,1090,985,-128,109
1999,1375,16,10,854,672,1073,585,-219,87
1999,1376,21,8,1175,570,1515,449,-340,121
1999,1378,14,14,912,1094,1033,863,-121,231
1999,1379,16,14,983,888,1099,736,-116,152
1999,1380,6,18,435,1569,549,1294,-114,275
1999,1381,16,10,1064,803,1268,716,-204,87
1999,1382,15,14,903,957,1061,829,-158,128
1999,1383,8,19,583,1573,654,1395,-71,178
1999,1384,17,9,1065,686,1283,585,-218,101
1999,1385,8,25,556,2063,600,1577,-44,486
1999,1386,18,11,1112,781,1302,674,-190,107
1999,1387,16,15,998,1026,1131,844,-133,182
1999,1388,18,12,1132,898,1337,774,-205,124
1999,1389,15,14,1003,1018,1163,897,-160,121
1999,1390,6,23,371,1753,412,1348,-41,405
1999,1391,12,12,730,908,879,724,-149,184
1999,1393,11,20,677,1567,815,1158,-138,409
1999,1395,10,18,788,1614,852,1396,-64,218
1999,1396,10,21,592,1473,642,1158,-50,315
1999,1397,8,20,511,1554,598,1218,-87,336
1999,1398,14,10,895,759,1103,674,-208,85
1999,1399,15,9,913,658,1151,539,-238,119
1999,1400,12,19,739,1396,813,1205,-74,191
1999,1401,15,12,1017,854,1225,748,-208,106
1999,1402,9,17,527,1272,586,1080,-59,192
1999,1403,17,13,1035,1074,1315,896,-280,178
1999,1404,18,5,1059,388,1330,361,-271,27
1999,1405,8,16,507,1140,558,953,-51,187
1999,1406,22,6,1258,405,1575,362,-317,43
1999,1407,18,7,1297,571,1531,532,-234,39
1999,1408,15,12,972,934,1145,790,-173,144
1999,1409,9,22,526,1675,623,1339,-97,336
1999,1410,22,5,1583,405,1881,343,-298,62
1999,1411,18,6,1056,473,1328,394,-272,79
1999,1412,11,20,699,1605,869,1311,-170,294
1999,1414,20,4,1241,313,1456,261,-215,52
1999,1416,10,17,619,1311,785,1062,-166,249
1999,1417,8,22,531,1808,615,1522,-84,286
1999,1418,16,13,1032,919,1210,783,-178,136
1999,1419,14,12,919,936,1146,842,-227,94
1999,1420,9,19,570,1317,680,1101,-110,216
1999,1421,17,7,1153,614,1427,544,-274,70
1999,1422,20,7,1253,503,1585,413,-332,90
1999,1423,17,11,969,717,1136,606,-167,111
1999,1424,12,15,810,1195,904,969,-94,226
1999,1425,12,15,847,1199,976,964,-129,235
1999,1426,15,9,947,757,1140,654,-193,103
1999,1427,10,16,758,1253,860,1111,-102,142
1999,1428,4,24,234,1757,257,1308,-23,449
1999,1429,13,12,884,875,971,727,-87,148
1999,1431,12,15,752,1105,848,927,-96,178
1999,1433,16,15,1044,1177,1204,1010,-160,167
1999,1434,8,17,475,1328,544,1028,-69,300
1999,1435,15,13,932,1046,1138,866,-206,180
1999,1436,16,11,993,771,1137,687,-144,84
1999,1437,10,20,698,1565,839,1294,-141,271
1999,1438,16,13,1040,1037,1324,815,-284,222
1999,1439,15,13,867,962,1034,816,-167,146
1999,1440,13,9,816,672,1095,595,-279,77
1999,1441,21,4,1225,274,1732,261,-507,13
1999,1442,11,13,713,995,849,861,-136,134
1999,1443,16,12,973,822,1140,723,-167,99
1999,1444,15,10,989,756,1182,677,-193,79
1999,1447,18,9,1131,674,1405,533,-274,141
1999,1448,13,16,763,1154,941,929,-178,225
1999,1449,11,16,726,1287,875,1092,-149,195
1999,1450,18,9,1187,763,1450,658,-263,105
1999,1451,7,21,458,1769,567,1501,-109,268
1999,1452,19,9,1202,651,1401,608,-199,43
1999,1453,11,18,563,1211,663,965,-100,246
1999,1454,18,6,1114,402,1338,355,-224,47
1999,1455,17,12,1040,972,1252,814,-212,158
1999,1456,19,6,1140,423,1361,373,-221,50
1999,1457,6,15,328,1111,421,934,-93,177
1999,1458,9,22,477,1478,553,1170,-76,308
1999,1459,16,9,1015,689,1209,604,-194,85
1999,1460,18,8,1142,640,1363,511,-221,129
1999,1461,9,17,697,1436,797,1177,-100,259
1999,1462,10,21,722,1641,818,1267,-96,374
1999,1463,22,3,1260,206,1526,168,-266,38
1999,1464,12,12,770,838,882,686,-112,152
2000,1102,20,6,1283,446,1528,400,-245,46
2000,1103,11,16,743,1278,853,1111,-110,167
2000,1104,16,13,1038,1056,1247,852,-209,204
2000,1105,10,15,649,1177,816,1015,-167,162
2000,1106,14,10,869,696,1042,624,-173,72
2000,1107,17,8,993,560,1219,482,-226,78
2000,1108,10,17,631,1352,787,1150,-156,202
2000,1110,18,10,1086,735,1250,647,-164,88
2000,1111,8,20,492,1644,569,1360,-77,284
2000,1112,6,26,419,2050,470,1701,-51,349
2000,1113,12,17,847,1449,977,1218,-130,231
2000,1114,24,4,1552,333,1876,272,-324,61
2000,1115,20,5,1204,425,1591,394,-387,31
2000,1116,14,19,939,1519,1072,1225,-133,294
2000,1117,18,10,1190,814,1401,722,-211,92
2000,1119,23,3,1179,170,1551,148,-372,22
2000,1120,9,22,577,1607,684,1306,-107,301
2000,1122,10,16,695,1218,761,1042,-66,176
2000,1123,8,21,533,1609,612,1382,-79,227
2000,1124,15,13,873,978,1104,814,-231,164
2000,1125,20,4,1279,306,1560,255,-281,51
2000,1126,14,14,972,1141,1149,942,-177,199
2000,1129,15,12,858,822,988,691,-130,131
2000,1130,19,11,1178,871,1379,696,-201,175
2000,1131,22,7,1305,457,1600,387,-295,70
2000,1132,7,21,460,1623,564,1418,-104,205
2000,1133,16,14,962,996,1086,831,-124,165
2000,1135,19,8,1223,614,1472,532,-249,82
2000,1137,11,16,647,1067,753,927,-106,140
2000,1138,23,5,1504,374,1961,350,-457,24
2000,1139,7,23,412,1627,454,1205,-42,422
2000,1140,10,19,614,1408,731,1139,-117,269
2000,1141,23,5,1512,392,1779,333,-267,59
2000,1142,18,7,1309,599,1517,528,-208,71
2000,1143,14,16,937,1249,1107,1043,-170,206
2000,1144,16,12,991,769,1257,702,-266,67
2000,1145,20,10,1366,823,1628,713,-262,110
2000,1147,16,7,880,487,1110,447,-230,40
2000,1148,5,25,341,1863,383,1502,-42,361
2000,1149,20,6,1225,439,1547,418,-322,21
2000,1150,15,17,934,1267,1081,1024,-147,243
2000,1151,18,9,1217,654,1394,568,-177,86
2000,1152,18,9,1124,622,1397,554,-273,68
2000,1153,3,28,191,2244,211,1701,-20,543
2000,1154,19,6,1120,450,1412,405,-292,45
2000,1155,20,10,1255,678,1546,554,-291,124
2000,1156,14,15,969,1219,1100,991,-131,228
2000,1157,18,10,1223,744,1442,667,-219,77
2000,1158,6,20,354,1435,421,1159,-67,276
2000,1159,16,11,929,759,1160,619,-231,140
2000,1160,13,17,884,1346,1074,1084,-190,262
2000,1161,12,17,776,1255,885,1008,-109,247
2000,1162,14,12,735,786,919,694,-184,92
2000,1163,9,24,612,1873,690,1462,-78,411
2000,1164,15,15,860,1157,1075,981,-215,176
2000,1165,17,9,1040,645,1209,601,-169,44
2000,1166,9,23,600,1741,667,1452,-67,289
2000,1168,18,7,1232,532,1514,454,-282,78
2000,1169,10,19,752,1497,841,1302,-89,195
2000,1170,18,8,1081,524,1343,468,-262,56
2000,1171,18,8,1079,601,1311,531,-232,70
2000,1172,13,12,921,882,1068,736,-147,146
2000,1173,8,22,509,1644,572,1379,-63,265
2000,1174,7,24,465,1919,546,1585,-81,334
2000,1175,22,6,1336,422,1549,390,-213,32
2000,1176,22,6,1395,455,1757,402,-362,53
2000,1177,11,20,690,1506,791,1182,-101,324
2000,1178,12,18,724,1333,846,1106,-122,227
2000,1179,18,11,1048,751,1223,620,-175,131
2000,1180,17,13,1031,858,1238,738,-207,120
2000,1181,4,27,314,2449,332,1887,-18,562
2000,1182,20,9,1280,729,1590,624,-310,105
2000,1183,12,15,891,1264,1017,1036,-126,228
2000,1184,21,4,1392,303,1735,278,-343,25
2000,1185,13,13,869,972,1018,834,-149,138
2000,1186,10,13,641,1027,755,895,-114,132
2000,1187,18,9,1083,629,1258,541,-175,88
2000,1189,15,10,1013,782,1225,710,-212,72
2000,1190,15,12,927,904,1132,800,-205,104
2000,1191,12,18,721,1348,917,1101,-196,247
2000,1192,11,16,644,1080,801,917,-157,163
2000,1193,15,14,1120,1102,1290,954,-170,148
2000,1194,28,1,1700,66,2292,56,-592,10
2000,1196,7,24,506,2123,557,1556,-51,567
2000,1197,22,9,1322,677,1727,613,-405,64
2000,1198,14,15,943,1133,1061,968,-118,165
2000,1199,17,12,1037,837,1312,724,-275,113
2000,1200,15,14,1019,1170,1210,1011,-191,159
2000,1201,9,24,674,2069,751,1792,-77,277
2000,1202,18,11,1157,829,1321,701,-164,128
2000,1203,15,15,1154,1263,1320,1123,-166,140
2000,1204,12,15,824,1236,1000,1127,-176,109
2000,1206,11,19,742,1392,813,1220,-71,172
2000,1207,14,17,877,1238,1049,1031,-172,207
2000,1208,20,10,1337,810,1580,672,-243,138
2000,1209,12,17,795,1287,909,1076,-114,211
2000,1210,17,13,1071,1048,1262,880,-191,168
2000,1211,8,24,530,1964,605,1486,-75,478
2000,1212,28,,2004,,2529,,-525,
2000,1214,12,17,768,1397,891,1185,-123,212
2000,1216,19,10,1254,819,1579,700,-325,119
2000,1217,15,11,926,782,1120,666,-194,116
2000,1218,12,17,865,1345,1016,1111,-151,234
2000,1219,17,8,1078,561,1391,480,-313,81
2000,1220,6,24,394,1847,467,1405,-73,442
2000,1221,18,10,994,683,1217,555,-223,128
2000,1222,22,8,1609,673,1794,623,-185,50
2000,1224,27,1,1757,69,2310,62,-553,7
2000,1225,17,10,1037,787,1230,714,-193,73
2000,1226,19,6,1278,459,1501,401,-223,58
2000,1227,20,10,1239,719,1477,612,-238,107
2000,1228,9,21,602,1678,677,1272,-75,406
2000,1229,20,9,1252,687,1477,608,-225,79
2000,1231,8,20,539,1656,597,1311,-58,345
2000,1232,9,22,539,1536,644,1309,-105,227
2000,1233,10,20,769,1615,892,1387,-123,228
2000,1234,16,14,1006,1058,1212,937,-206,121
2000,1235,4,26,269,2045,305,1645,-36,400
2000,1237,21,7,1245,468,1476,429,-231,39
2000,1238,15,16,931,1153,1108,1010,-177,143
2000,1239,19,7,1232,590,1378,522,-146,68
2000,1240,11,16,702,1175,803,1035,-101,140
2000,1241,9,20,517,1492,632,1319,-115,173
2000,1242,9,22,545,1890,677,1488,-132,402
2000,1243,19,9,1232,675,1510,602,-278,73
2000,1245,7,19,469,1464,520,1180,-51,284
2000,1246,9,21,590,1493,672,1228,-82,265
2000,1247,17,11,1048,797,1269,655,-221,142
2000,1248,6,22,414,1661,465,1338,-51,323
2000,1249,15,15,866,1028,1048,891,-182,137
2000,1250,21,6,1259,437,1581,362,-322,75
2000,1251,14,10,901,706,1082,617,-181,89
2000,1253,5,22,359,1798,388,1494,-29,304
2000,1254,19,7,1138,503,1424,437,-286,66
2000,1256,8,21,507,1604,582,1358,-75,246
2000,1257,11,18,655,1440,740,1159,-85,281
2000,1258,26,,1597,,2108,,-511,
2000,1259,21,7,1316,517,1643,456,-327,61
2000,1260,14,14,847,1006,1062,892,-215,114
2000,1261,5,26,311,2083,348,1595,-37,488
2000,1263,7,23,465,1820,544,1531,-79,289
2000,1264,15,12,1086,994,1194,804,-108,190
2000,1265,14,14,918,1045,1078,876,-160,169
2000,1266,13,15,764,993,887,855,-123,138
2000,1267,9,19,623,1630,732,1375,-109,255
2000,1268,9,24,614,1925,670,1552,-56,373
2000,1269,15,16,911,1186,1072,935,-161,251
2000,1270,21,6,1331,440,1654,406,-323,34
2000,1271,17,12,1088,831,1358,757,-270,74
2000,1272,16,14,1074,1113,1242,923,-168,190
2000,1273,21,10,1347,736,1563,677,-216,59
2000,1274,10,21,618,1507,685,1229,-67,278
2000,1275,15,15,895,1025,1002,884,-107,141
2000,1276,13,15,880,1245,1120,1111,-240,134
2000,1277,7,26,462,1997,502,1459,-40,538
2000,1278,16,12,1048,917,1270,775,-222,142
2000,1279,13,16,847,1233,1032,1021,-185,212
2000,1280,16,14,1034,1134,1192,921,-158,213
2000,1281,12,18,790,1442,893,1191,-103,251
2000,1282,13,14,905,1036,1015,903,-110,133
2000,1283,10,22,616,1516,705,1301,-89,215
2000,1284,16,12,903,721,1084,618,-181,103
2000,1285,11,15,745,1134,860,969,-115,165
2000,1286,16,7,1117,572,1320,476,-203,96
2000,1287,18,6,1293,482,1478,407,-185,75
2000,1288,24,5,1508,376,1900,350,-392,26
2000,1290,21,7,1350,623,1677,523,-327,100
2000,1291,20,9,1234,649,1562,577,-328,72
2000,1292,13,13,882,1105,1017,970,-135,135
2000,1293,9,22,651,1801,734,1538,-83,263
2000,1296,15,12,940,912,1105,762,-165,150
2000,1298,6,21,384,1646,472,1275,-88,371
2000,1299,14,14,968,1149,1134,974,-166,175
2000,1301,12,17,790,1225,881,973,-91,252
2000,1304,19,11,1225,825,1517,703,-292,122
2000,1305,20,8,1229,577,1467,501,-238,76
2000,1306,25,3,1583,228,2156,198,-573,30
2000,1307,13,16,876,1233,996,995,-120,238
2000,1308,9,21,559,1532,654,1299,-95,233
2000,1309,18,11,1004,734,1154,635,-150,99
2000,1310,12,17,888,1353,1035,1240,-147,113
2000,1311,17,9,1000,586,1199,531,-199,55
2000,1313,16,12,1181,947,1387,876,-206,71
2000,1314,13,18,941,1438,1051,1159,-110,279
2000,1317,20,7,1440,600,1820,569,-380,31
2000,1318,21,7,1303,552,1548,476,-245,76
2000,1319,10,18,615,1419,745,1198,-130,221
2000,1320,15,14,864,934,1018,826,-154,108
2000,1321,25,5,1228,317,1679,256,-451,61
2000,1322,13,15,813,1033,976,921,-163,112
2000,1323,14,18,883,1404,1042,1172,-159,232
2000,1324,17,12,1102,979,1304,876,-202,103
2000,1325,13,20,869,1517,974,1281,-105,236
2000,1326,6,22,403,1630,440,1276,-37,354
2000,1328,6,26,382,2028,436,1565,-54,463
2000,1329,6,23,350,1851,394,1382,-44,469
2000,1330,19,11,1172,770,1306,688,-134,82
2000,1331,17,12,1147,929,1295,835,-148,94
2000,1332,7,21,470,1634,525,1398,-55,236
2000,1333,16,11,1045,798,1253,645,-208,153
2000,1334,18,10,1046,696,1240,579,-194,117
2000,1335,7,21,416,1468,502,1172,-86,296
2000,1336,15,15,1077,1128,1221,944,-144,184
2000,1337,8,24,519,1818,579,1438,-60,380
2000,1338,15,13,898,966,1089,787,-191,179
2000,1339,18,7,1069,477,1267,423,-198,54
2000,1340,14,12,989,929,1139,787,-150,142
2000,1341,21,6,1513,495,1853,450,-340,45
2000,1343,10,18,547,1172,637,896,-90,276
2000,1344,19,10,1122,683,1330,598,-208,85
2000,1345,9,20,560,1586,646,1269,-86,317
2000,1346,10,17,662,1315,857,1144,-195,171
2000,1347,10,17,678,1283,781,1128,-103,155
2000,1348,25,5,1511,358,1977,320,-466,38
2000,1349,22,3,1254,184,1583,172,-329,12
2000,1350,12,18,772,1239,826,1066,-54,173
2000,1351,14,16,920,1196,1085,1028,-165,168
2000,1352,12,17,740,1287,882,1087,-142,200
2000,1353,15,15,960,1153,1085,948,-125,205
2000,1354,13,20,815,1506,1029,1308,-214,198
2000,1356,12,19,797,1398,913,1148,-116,250
2000,1357,25,3,1614,240,2090,225,-476,15
2000,1358,7,20,458,1466,519,1278,-61,188
2000,1359,9,20,571,1521,629,1179,-58,342
2000,1360,9,19,567,1389,631,1133,-64,256
2000,1361,23,4,1396,276,1800,240,-404,36
2000,1362,9,18,591,1325,678,1088,-87,237
2000,1363,15,11,864,656,1031,562,-167,94
2000,1364,14,12,857,867,996,705,-139,162
2000,1365,12,18,732,1248,908,1066,-176,182
2000,1368,17,8,910,558,1156,508,-246,50
2000,1369,6,22,341,1606,397,1347,-56,259
2000,1371,9,20,566,1524,648,1266,-82,258
2000,1372,21,4,1405,254,1621,234,-216,20
2000,1373,8,23,617,2076,684,1815,-67,261
2000,1374,8,20,556,1588,618,1330,-62,258
2000,1375,10,20,656,1427,733,1243,-77,184
2000,1376,17,15,1065,1125,1212,940,-147,185
2000,1378,13,17,935,1400,1050,1131,-115,269
2000,1379,12,17,712,1209,871,1012,-159,197
2000,1380,11,16,762,1248,853,1153,-91,95
2000,1381,13,14,806,1138,969,952,-163,186
2000,1382,9,21,540,1516,626,1296,-86,220
2000,1383,12,17,869,1361,984,1192,-115,169
2000,1384,18,10,1055,750,1255,649,-200,101
2000,1385,7,24,446,1850,492,1562,-46,288
2000,1386,16,13,1034,1009,1164,887,-130,122
2000,1387,13,19,715,1364,884,1172,-169,192
2000,1388,20,7,1108,527,1462,432,-354,95
2000,1389,23,5,1550,408,1852,358,-302,50
2000,1390,3,25,239,1999,248,1446,-9,553
2000,1391,15,12,937,897,1137,797,-200,100
2000,1392,21,5,1157,293,1574,261,-417,32
2000,1393,5,24,337,1874,372,1471,-35,403
2000,1395,14,17,1086,1626,1257,1359,-171,267
2000,1396,5,26,290,1832,325,1369,-35,463
2000,1397,6,23,424,1906,485,1513,-61,393
2000,1398,22,7,1449,515,1820,477,-371,38
2000,1399,12,14,848,1192,968,977,-120,215
2000,1400,8,23,532,1784,631,1339,-99,445
2000,1401,20,8,1245,580,1550,536,-305,44
2000,1402,17,10,1073,737,1221,642,-148,95
2000,1403,16,11,1027,846,1246,691,-219,155
2000,1404,19,8,1238,600,1525,531,-287,69
2000,1405,13,18,864,1333,994,1137,-130,196
2000,1406,17,11,1168,733,1312,625,-144,108
2000,1407,11,16,767,1239,863,1071,-96,168
2000,1408,10,20,606,1436,747,1221,-141,215
2000,1409,4,29,276,2405,283,1790,-7,615
2000,1410,14,9,1017,638,1279,562,-262,76
2000,1411,13,12,872,920,982,790,-110,130
2000,1412,14,14,880,1173,1067,1029,-187,144
2000,1414,14,12,832,870,1028,745,-196,125
2000,1416,18,13,1153,1031,1363,871,-210,160
2000,1417,11,19,716,1550,842,1272,-126,278
2000,1418,8,24,456,1840,592,1569,-136,271
2000,1419,9,17,653,1361,725,1187,-72,174
2000,1420,18,10,1069,715,1241,573,-172,142
2000,1421,19,10,1229,769,1562,664,-333,105
2000,1422,13,14,840,1079,1006,955,-166,124
2000,1423,12,18,637,1179,745,972,-108,207
2000,1424,7,23,526,1960,662,1573,-136,387
2000,1425,14,16,964,1378,1117,1063,-153,315
2000,1426,12,13,881,1055,1042,865,-161,190
2000,1427,12,12,863,940,985,813,-122,127
2000,1428,8,20,470,1532,565,1192,-95,340
2000,1429,5,24,298,1709,369,1422,-71,287
2000,1431,15,13,1032,1126,1182,900,-150,226
2000,1433,14,14,900,1057,1090,953,-190,104
2000,1434,12,16,667,1166,823,959,-156,207
2000,1435,10,19,658,1517,776,1231,-118,286
2000,1436,12,16,736,1269,917,1131,-181,138
2000,1437,12,19,768,1401,887,1248,-119,153
2000,1438,11,19,774,1641,898,1325,-124,316
2000,1439,15,16,853,1144,1004,976,-151,168
2000,1440,23,2,1556,134,1882,113,-326,21
2000,1441,14,11,974,906,1180,837,-206,69
2000,1442,22,6,1362,414,1613,361,-251,53
2000,1443,18,11,1126,869,1340,729,-214,140
2000,1444,18,10,1247,797,1456,735,-209,62
2000,1447,16,10,1115,887,1240,745,-125,142
2000,1448,14,17,881,1267,1029,982,-148,285
2000,1449,20,9,1289,606,1579,534,-290,72
2000,1450,22,6,1337,441,1653,393,-316,48
2000,1451,10,15,641,1261,771,1093,-130,168
2000,1452,14,14,919,1055,1116,896,-197,159
2000,1453,16,14,802,897,1006,729,-204,168
2000,1454,14,14,905,1059,1094,856,-189,203
2000,1455,17,11,1049,805,1241,651,-192,154
2000,1456,17,10,1076,754,1308,647,-232,107
2000,1457,8,18,492,1381,563,1114,-71,267
2000,1458,13,18,689,1170,806,925,-117,245
2000,1459,16,12,1001,916,1246,804,-245,112
2000,1460,17,11,937,780,1193,666,-256,114
2000,1461,12,18,908,1549,1026,1310,-118,239
2000,1462,11,20,695,1655,831,1315,-136,340
2000,1463,20,7,1149,436,1386,395,-237,41
2000,1464,16,11,1063,721,1244,659,-181,62
2001,1102,21,8,1179,488,1408,420,-229,68
2001,1103,16,12,995,906,1240,794,-245,112
2001,1104,10,21,665,1713,803,1312,-138,401
2001,1105,11,16,743,1220,910,1098,-167,122
2001,1106,7,20,457,1439,565,1164,-108,275
2001,1107,20,5,1301,392,1583,365,-282,27
2001,1108,15,15,960,1284,1163,1117,-203,167
2001,1110,20,7,1123,456,1383,399,-260,57
2001,1111,19,9,1102,680,1394,609,-292,71
2001,1112,7,22,505,1845,542,1379,-37,466
2001,1113,16,13,1081,1040,1273,787,-192,253
2001,1114,11,14,667,1047,764,879,-97,168
2001,1115,25,2,1532,130,2158,124,-626,6
2001,1116,10,20,668,1747,761,1328,-93,419
2001,1117,13,15,868,1130,1077,962,-209,168
2001,1119,18,7,1245,522,1489,480,-244,42
2001,1120,13,17,977,1379,1050,1151,-73,228
2001,1122,10,20,702,1637,800,1457,-98,180
2001,1123,12,16,707,1222,818,1032,-111,190
2001,1124,11,17,668,1291,794,1015,-126,276
2001,1125,14,9,975,726,1150,650,-175,76
2001,1126,18,7,1056,465,1270,437,-214,28
2001,1129,14,15,911,1167,1093,999,-182,168
2001,1130,4,25,292,2032,328,1599,-36,433
2001,1131,14,14,890,1023,1061,837,-171,186
2001,1132,14,13,959,1024,1106,861,-147,163
2001,1133,11,18,693,1222,811,1043,-118,179
2001,1135,12,15,770,1198,985,1041,-215,157
2001,1137,15,12,880,862,1151,751,-271,111
2001,1138,24,4,1601,272,1905,240,-304,32
2001,1139,7,21,461,1493,488,1204,-27,289
2001,1140,8,23,524,1657,602,1315,-78,342
2001,1141,8,18,498,1322,605,1190,-107,132
2001,1142,16,5,1149,433,1322,405,-173,28
2001,1143,10,20,647,1587,762,1284,-115,303
2001,1144,21,7,1266,553,1577,505,-311,48
2001,1145,11,20,796,1599,915,1402,-119,197
2001,1147,16,4,938,307,1204,272,-266,35
2001,1148,14,14,940,1110,1084,927,-144,183
2001,1149,19,7,1173,470,1450,429,-277,41
2001,1150,10,21,694,1758,789,1443,-95,315
2001,1151,13,15,880,1124,1004,953,-124,171
2001,1152,23,4,1422,275,1821,250,-399,25
2001,1153,9,23,537,1834,594,1520,-57,314
2001,1154,12,12,791,794,910,697,-119,97
2001,1155,19,12,1362,936,1675,796,-313,140
2001,1156,13,17,828,1202,946,1069,-118,133
2001,1157,20,8,1380,604,1628,545,-248,59
2001,1158,7,20,415,1379,460,1167,-45,212
2001,1159,15,10,968,773,1138,671,-170,102
2001,1160,15,14,1083,1257,1220,962,-137,295
2001,1161,13,13,796,955,921,748,-125,207
2001,1162,15,10,796,618,972,524,-176,94
2001,1163,11,18,704,1434,803,1189,-99,245
2001,1164,15,13,886,920,1116,764,-230,156
2001,1165,20,6,1192,411,1430,352,-238,59
2001,1166,7,24,455,1814,509,1446,-54,368
2001,1168,22,3,1244,212,1592,190,-348,22
2001,1169,9,20,684,1720,735,1474,-51,246
2001,1170,21,3,1405,222,1720,183,-315,39
2001,1171,19,7,1162,488,1418,415,-256,73
2001,1172,17,12,1083,849,1313,767,-230,82
2001,1173,12,19,781,1456,896,1226,-115,230
2001,1174,10,20,643,1609,728,1286,-85,323
2001,1175,15,13,851,934,1092,809,-241,125
2001,1176,18,8,1118,594,1352,516,-234,78
2001,1177,18,10,1194,794,1405,658,-211,136
2001,1178,10,21,640,1534,722,1274,-82,260
2001,1179,16,12,996,969,1154,782,-158,187
2001,1180,12,15,815,1210,951,1037,-136,173
2001,1181,4,29,335,2682,351,1978,-16,704
2001,1182,21,9,1417,699,1716,613,-299,86
2001,1183,9,19,673,1642,776,1414,-103,228
2001,1184,19,4,1363,292,1641,264,-278,28
2001,1185,25,3,1427,245,1756,214,-329,31
2001,1186,11,15,697,1123,809,990,-112,133
2001,1187,13,13,860,1019,1015,892,-155,127
2001,1189,20,7,1204,498,1485,453,-281,45
2001,1190,10,15,679,1072,785,889,-106,183
2001,1191,16,13,1046,937,1226,857,-180,80
2001,1192,15,13,978,941,1164,838,-186,103
2001,1193,16,12,1075,994,1271,880,-196,114
2001,1194,22,7,1437,554,1836,511,-399,43
2001,1196,6,23,423,1963,451,1499,-28,464
2001,1197,22,6,1421,457,1795,435,-374,22
2001,1198,21,7,1202,448,1488,399,-286,49
2001,1199,21,8,1389,617,1691,541,-302,76
2001,1200,17,12,1205,945,1423,864,-218,81
2001,1201,6,25,452,2090,526,1665,-74,425
2001,1202,16,9,951,664,1096,561,-145,103
2001,1203,18,14,1264,1206,1426,978,-162,228
2001,1204,15,13,1055,1052,1217,920,-162,132
2001,1206,11,18,701,1346,801,1079,-100,267
2001,1207,7,23,445,1924,511,1523,-66,401
2001,1208,14,16,925,1264,1075,1113,-150,151
2001,1209,4,25,285,2051,317,1723,-32,328
2001,1210,12,17,800,1407,987,1134,-187,273
2001,1211,6,23,439,1955,517,1488,-78,467
2001,1212,18,8,1302,671,1618,607,-316,64
2001,1214,6,24,457,1896,495,1618,-38,278
2001,1216,24,4,1537,284,1871,259,-334,25
2001,1217,12,14,771,1093,920,902,-149,191
2001,1218,13,17,842,1343,1013,1173,-171,170
2001,1219,20,5,1179,314,1464,286,-285,28
2001,1220,4,26,275,1934,288,1580,-13,354
2001,1221,7,22,405,1561,473,1323,-68,238
2001,1222,20,9,1240,657,1508,570,-268,87
2001,1224,18,10,1227,687,1542,639,-315,48
2001,1225,21,4,1262,296,1579,283,-317,13
2001,1226,14,12,948,981,1095,852,-147,129
2001,1227,17,11,1023,878,1255,747,-232,131
2001,1228,7,24,491,1898,526,1515,-35,383
2001,1229,8,21,533,1645,605,1400,-72,245
2001,1231,12,21,743,1592,818,1291,-75,301
2001,1232,11,20,730,1526,802,1292,-72,234
2001,1233,10,21,734,1662,833,1422,-99,240
2001,1234,11,22,746,1699,856,1465,-110,234
2001,1235,5,24,384,1908,436,1524,-52,384
2001,1237,18,9,1173,659,1304,579,-131,80
2001,1238,22,7,1445,506,1767,416,-322,90
2001,1239,10,15,641,1063,745,897,-104,166
2001,1240,18,9,1085,671,1379,612,-294,59
2001,1241,17,12,1013,867,1227,746,-214,121
2001,1242,6,22,401,1865,464,1492,-63,373
2001,1243,18,11,1052,791,1291,681,-239,110
2001,1245,9,22,586,1594,641,1281,-55,313
2001,1246,9,22,629,1844,675,1498,-46,346
2001,1247,17,12,1084,927,1280,806,-196,121
2001,1248,16,10,1171,775,1312,670,-141,105
2001,1249,18,8,1011,618,1276,558,-265,60
2001,1250,16,12,1027,911,1198,795,-171,116
2001,1251,15,10,945,641,1125,559,-180,82
2001,1253,13,15,921,1163,1093,1042,-172,121
2001,1254,16,12,985,914,1228,834,-243,80
2001,1256,12,16,708,1184,824,994,-116,190
2001,1257,19,12,1219,937,1500,837,-281,100
2001,1258,19,8,1207,576,1452,507,-245,69
2001,1259,23,6,1388,410,1686,369,-298,41
2001,1260,21,7,1404,528,1660,485,-256,43
2001,1261,16,13,1015,1054,1185,794,-170,260
2001,1263,11,17,781,1391,884,1237,-103,154
2001,1264,15,14,988,1094,1107,886,-119,208
2001,1265,13,17,882,1237,993,1064,-111,173
2001,1266,14,15,864,1038,998,899,-134,139
2001,1267,9,16,617,1237,703,1034,-86,203
2001,1268,10,21,780,1878,854,1377,-74,501
2001,1269,15,15,963,1077,1151,894,-188,183
2001,1270,8,21,604,1794,660,1517,-56,277
2001,1271,16,12,923,899,1278,784,-355,115
2001,1272,14,16,900,1313,1024,1034,-124,279
2001,1273,15,12,967,893,1109,810,-142,83
2001,1274,12,16,776,1205,906,997,-130,208
2001,1275,16,17,881,1116,1007,921,-126,195
2001,1276,18,9,1139,749,1450,659,-311,90
2001,1277,4,24,242,1954,265,1470,-23,484
2001,1278,13,15,847,1173,1025,1002,-178,171
2001,1279,7,24,453,1762,534,1477,-81,285
2001,1280,12,16,807,1300,918,1061,-111,239
2001,1281,12,18,823,1429,941,1250,-118,179
2001,1282,15,13,857,885,1004,685,-147,200
2001,1283,16,13,938,912,1121,776,-183,136
2001,1284,9,21,604,1524,678,1251,-74,273
2001,1285,16,9,1097,677,1271,572,-174,105
2001,1286,14,15,972,1185,1108,996,-136,189
2001,1287,16,10,1069,761,1264,671,-195,90
2001,1288,23,6,1531,423,1785,380,-254,43
2001,1290,9,16,656,1327,772,1122,-116,205
2001,1291,21,7,1290,489,1556,464,-266,25
2001,1292,22,4,1360,337,1659,294,-299,43
2001,1293,12,15,885,1249,1050,1090,-165,159
2001,1296,22,4,1426,253,1769,226,-343,27
2001,1298,12,17,768,1418,907,1163,-139,255
2001,1299,17,12,1082,904,1284,785,-202,119
2001,1301,16,13,1044,1097,1245,851,-201,246
2001,1304,16,13,1034,1016,1145,886,-111,130
2001,1305,18,9,1198,697,1373,612,-175,85
2001,1306,21,7,1449,583,1800,500,-351,83
2001,1307,12,18,732,1312,863,1120,-131,192
2001,1308,14,13,913,1063,1017,856,-104,207
2001,1309,12,15,758,1077,902,882,-144,195
2001,1310,13,15,900,1199,1046,1091,-146,108
2001,1311,14,13,900,928,1100,841,-200,87
2001,1313,17,12,1157,969,1398,872,-241,97
2001,1314,6,25,405,2062,505,1706,-100,356
2001,1317,24,1,1664,70,2147,68,-483,2
2001,1318,19,10,1321,808,1621,734,-300,74
2001,1319,14,12,945,916,1035,792,-90,124
2001,1320,24,6,1407,386,1669,347,-262,39
2001,1321,19,11,1030,771,1308,628,-278,143
2001,1322,12,18,841,1326,1056,1178,-215,148
2001,1323,9,19,608,1591,692,1256,-84,335
2001,1324,15,11,1066,868,1299,771,-233,97
2001,1325,11,18,740,1417,852,1210,-112,207
2001,1326,10,20,639,1499,732,1164,-93,335
2001,1328,6,26,359,2027,429,1623,-70,404
2001,1329,9,19,582,1419,665,1144,-83,275
2001,1330,17,12,1065,873,1234,742,-169,131
2001,1331,19,7,1253,580,1495,533,-242,47
2001,1332,14,14,1012,1175,1188,976,-176,199
2001,1333,19,9,1096,606,1350,473,-254,133
2001,1334,12,15,708,1084,844,902,-136,182
2001,1335,17,12,1117,808,1285,651,-168,157
2001,1336,11,19,778,1534,910,1346,-132,188
2001,1337,8,21,548,1646,625,1322,-77,324
2001,1338,13,17,847,1181,998,964,-151,217
2001,1339,17,7,1150,490,1356,432,-206,58
2001,1340,17,8,1133,588,1384,544,-251,44
2001,1341,20,5,1351,397,1718,361,-367,36
2001,1343,10,15,509,936,659,781,-150,155
2001,1344,9,20,588,1593,666,1256,-78,337
2001,1345,14,15,923,1222,1090,901,-167,321
2001,1346,21,5,1444,387,1670,354,-226,33
2001,1347,10,18,632,1394,785,1238,-153,156
2001,1348,22,7,1437,576,1813,509,-376,67
2001,1349,16,13,908,918,1094,772,-186,146
2001,1350,6,21,336,1558,372,1264,-36,294
2001,1351,12,16,763,1259,919,1092,-156,167
2001,1352,22,7,1434,530,1746,473,-312,57
2001,1353,16,11,1012,752,1154,623,-142,129
2001,1354,13,19,778,1315,941,1143,-163,172
2001,1356,14,15,940,1164,1070,1032,-130,132
2001,1357,21,7,1340,530,1711,489,-371,41
2001,1358,13,13,921,1035,1028,900,-107,135
2001,1359,14,14,835,978,979,776,-144,202
2001,1360,13,15,842,1103,930,897,-88,206
2001,1361,14,12,844,917,1036,737,-192,180
2001,1362,18,10,1157,746,1361,673,-204,73
2001,1363,14,9,841,648,988,531,-147,117
2001,1364,14,11,873,885,1017,794,-144,91
2001,1365,12,19,729,1446,908,1265,-179,181
2001,1368,21,7,1160,436,1406,381,-246,55
2001,1369,12,14,800,1050,901,909,-101,141
2001,1371,14,16,917,1310,1073,1134,-156,176
2001,1372,17,7,975,407,1119,360,-144,47
2001,1373,11,19,790,1539,922,1289,-132,250
2001,1374,12,16,861,1260,991,1021,-130,239
2001,1375,10,20,552,1497,652,1304,-100,193
2001,1376,14,15,896,1081,1021,919,-125,162
2001,1378,13,18,918,1387,1044,1106,-126,281
2001,1379,8,21,488,1533,562,1258,-74,275
2001,1380,16,11,1081,881,1258,761,-177,120
2001,1381,5,22,296,1665,353,1425,-57,240
2001,1382,11,18,727,1429,843,1208,-116,221
2001,1383,11,18,811,1486,904,1310,-93,176
2001,1384,18,9,1133,679,1370,588,-237,91
2001,1385,15,14,1015,1116,1161,948,-146,168
2001,1386,6,25,460,2016,488,1712,-28,304
2001,1387,14,17,881,1292,1023,1022,-142,270
2001,1388,25,1,1501,71,2065,63,-564,8
2001,1389,24,4,1636,305,1979,289,-343,16
2001,1390,2,26,148,2167,155,1686,-7,481
2001,1391,12,15,831,1174,949,1002,-118,172
2001,1392,11,12,683,885,854,774,-171,111
2001,1393,8,24,506,1832,581,1557,-75,275
2001,1395,11,19,874,1887,978,1480,-104,407
2001,1396,12,21,744,1560,848,1258,-104,302
2001,1397,10,22,779,1826,883,1543,-104,283
2001,1398,19,8,1418,713,1633,615,-215,98
2001,1399,9,17,618,1365,720,1191,-102,174
2001,1400,8,24,490,1762,628,1433,-138,329
2001,1401,19,9,1272,678,1572,606,-300,72
2001,1402,15,10,1018,685,1186,632,-168,53
2001,1403,18,9,1176,662,1403,580,-227,82
2001,1404,18,7,1156,566,1386,499,-230,67
2001,1405,10,21,621,1622,701,1357,-80,265
2001,1406,17,12,1091,906,1306,783,-215,123
2001,1407,12,18,811,1446,986,1239,-175,207
2001,1408,21,7,1434,562,1797,497,-363,65
2001,1409,11,21,786,1675,874,1322,-88,353
2001,1410,16,7,1098,545,1275,460,-177,85
2001,1411,22,7,1384,509,1728,464,-344,45
2001,1412,14,17,919,1317,1085,1072,-166,245
2001,1414,4,22,230,1556,269,1386,-39,170
2001,1416,22,7,1473,568,1697,466,-224,102
2001,1417,8,21,608,1737,690,1518,-82,219
2001,1418,13,15,927,1196,1068,1026,-141,170
2001,1419,17,9,1090,740,1366,650,-276,90
2001,1420,11,18,774,1485,873,1266,-99,219
2001,1421,13,13,788,982,965,859,-177,123
2001,1422,11,18,768,1373,872,1215,-104,158
2001,1423,10,19,556,1227,648,1035,-92,192
2001,1424,13,14,877,1131,1047,973,-170,158
2001,1425,9,20,605,1637,702,1364,-97,273
2001,1426,15,11,1096,791,1292,689,-196,102
2001,1427,15,13,1081,1002,1247,880,-166,122
2001,1428,11,16,699,1191,761,1004,-62,187
2001,1429,5,23,327,1652,354,1265,-27,387
2001,1431,8,21,577,1724,694,1444,-117,280
2001,1433,14,15,982,1128,1112,986,-130,142
2001,1434,8,21,475,1538,547,1287,-72,251
2001,1435,15,14,990,1058,1148,909,-158,149
2001,1436,17,12,1126,998,1361,890,-235,108
2001,1437,12,18,879,1419,1048,1188,-169,231
2001,1438,8,20,555,1824,688,1394,-133,430
2001,1439,19,8,1173,597,1497,521,-324,76
2001,1440,19,7,1251,502,1493,437,-242,65
2001,1441,24,5,1506,374,1887,306,-381,68
2001,1442,22,5,1433,439,1779,395,-346,44
2001,1443,6,21,410,1578,449,1237,-39,341
2001,1444,21,7,1360,500,1635,437,-275,63
2001,1447,13,16,980,1413,1103,1174,-123,239
2001,1448,10,19,698,1535,797,1119,-99,416
2001,1449,20,9,1260,700,1607,648,-347,52
2001,1450,16,12,1011,863,1258,711,-247,152
2001,1451,13,11,960,920,1070,819,-110,101
2001,1452,11,16,743,1256,889,1101,-146,155
2001,1453,17,11,967,665,1166,598,-199,67
2001,1454,13,13,810,955,934,813,-124,142
2001,1455,19,9,1177,613,1382,498,-205,115
2001,1456,17,11,992,720,1178,627,-186,93
2001,1457,10,16,557,1134,659,918,-102,216
2001,1458,10,18,554,1120,651,940,-97,180
2001,1459,16,8,945,669,1125,548,-180,121
2001,1460,11,17,684,1272,817,1069,-133,203
2001,1461,9,19,659,1477,734,1252,-75,225
2001,1462,7,21,423,1636,480,1348,-57,288
2001,1463,17,10,1034,710,1229,616,-195,94
2001,1464,11,17,721,1249,847,1110,-126,139
2002,1102,19,9,1037,568,1216,506,-179,62
2002,1103,21,9,1330,748,1559,675,-229,73
2002,1104,7,26,416,2098,501,1684,-85,414
2002,1105,10,15,712,1291,829,1062,-117,229
2002,1106,11,18,639,1254,779,1088,-140,166
2002,1107,20,8,1138,455,1419,402,-281,53
2002,1108,9,20,581,1733,711,1512,-130,221
2002,1110,12,18,703,1274,853,1088,-150,186
2002,1111,18,7,1281,560,1517,496,-236,64
2002,1112,9,22,718,1854,809,1604,-91,250
2002,1113,14,14,994,1144,1138,908,-144,236
2002,1114,11,16,748,1229,835,1002,-87,227
2002,1115,26,2,1701,151,2231,147,-530,4
2002,1116,15,14,1031,1139,1159,949,-128,190
2002,1117,15,13,937,1020,1054,788,-117,232
2002,1119,16,10,967,745,1195,662,-228,83
2002,1120,16,12,1005,830,1177,688,-172,142
2002,1122,18,11,1198,818,1409,694,-211,124
2002,1123,11,19,755,1567,876,1259,-121,308
2002,1124,16,12,1082,1010,1265,795,-183,215
2002,1125,17,11,1179,841,1391,733,-212,108
2002,1126,17,11,1106,812,1374,714,-268,98
2002,1127,19,9,1176,635,1406,530,-230,105
2002,1129,17,12,968,833,1201,708,-233,125
2002,1130,11,20,715,1582,813,1374,-98,208
2002,1131,9,22,574,1521,671,1286,-97,235
2002,1132,8,23,569,1719,627,1450,-58,269
2002,1133,20,9,1130,629,1338,545,-208,84
2002,1135,10,16,689,1302,802,1128,-113,174
2002,1137,16,13,900,891,1099,784,-199,107
2002,1138,18,12,1131,887,1321,766,-190,121
2002,1139,5,23,317,1642,335,1289,-18,353
2002,1140,11,16,735,1132,825,938,-90,194
2002,1141,19,8,1270,615,1496,522,-226,93
2002,1142,12,13,770,943,893,815,-123,128
2002,1143,8,22,499,1679,633,1359,-134,320
2002,1144,19,7,1253,563,1548,533,-295,30
2002,1145,20,10,1225,740,1417,648,-192,92
2002,1147,10,6,652,464,809,379,-157,85
2002,1148,4,27,225,2001,306,1641,-81,360
2002,1149,16,9,925,641,1212,553,-287,88
2002,1150,11,18,669,1473,800,1175,-131,298
2002,1151,14,14,923,1100,1082,923,-159,177
2002,1152,24,1,1450,81,1978,72,-528,9
2002,1153,3,30,193,2354,217,1741,-24,613
2002,1154,12,13,807,1005,918,850,-111,155
2002,1155,17,13,1179,1078,1419,886,-240,192
2002,1156,16,12,959,923,1146,759,-187,164
2002,1157,19,7,1246,547,1555,485,-309,62
2002,1158,8,20,465,1469,505,1204,-40,265
2002,1159,11,15,731,1119,853,963,-122,156
2002,1160,14,14,1033,1202,1226,976,-193,226
2002,1161,17,10,1127,711,1270,600,-143,111
2002,1162,16,10,818,608,964,525,-146,83
2002,1163,6,24,404,1934,448,1616,-44,318
2002,1164,25,5,1389,357,1765,309,-376,48
2002,1165,22,4,1189,292,1503,249,-314,43
2002,1166,8,22,546,1732,614,1429,-68,303
2002,1168,22,4,1284,319,1592,280,-308,39
2002,1169,16,11,1025,785,1236,663,-211,122
2002,1170,19,5,1308,406,1552,339,-244,67
2002,1171,18,8,1079,530,1351,474,-272,56
2002,1172,9,18,593,1245,700,1136,-107,109
2002,1173,10,20,607,1593,705,1198,-98,395
2002,1174,16,14,969,1033,1127,880,-158,153
2002,1175,13,16,762,1118,900,946,-138,172
2002,1176,19,6,1135,445,1378,366,-243,79
2002,1177,19,9,1271,710,1557,581,-286,129
2002,1178,12,18,692,1276,853,1062,-161,214
2002,1179,15,14,961,1046,1147,907,-186,139
2002,1180,14,14,924,1116,1090,962,-166,154
2002,1181,3,29,233,2638,251,1982,-18,656
2002,1182,19,9,1094,698,1443,577,-349,121
2002,1183,16,12,1090,953,1376,845,-286,108
2002,1184,20,3,1337,276,1633,251,-296,25
2002,1185,24,5,1551,358,2004,312,-453,46
2002,1186,13,15,848,1068,1014,924,-166,144
2002,1187,18,9,1058,652,1322,589,-264,63
2002,1189,15,10,937,764,1198,662,-261,102
2002,1190,10,15,695,1277,797,1055,-102,222
2002,1191,21,7,1369,524,1672,474,-303,50
2002,1192,25,4,1725,348,2049,293,-324,55
2002,1193,17,12,1171,907,1371,746,-200,161
2002,1194,10,18,685,1374,775,1236,-90,138
2002,1196,8,22,544,1869,588,1393,-44,476
2002,1197,19,9,1199,664,1493,568,-294,96
2002,1198,20,8,1224,517,1418,461,-194,56
2002,1199,17,10,1114,797,1397,645,-283,152
2002,1200,20,8,1354,626,1638,561,-284,65
2002,1201,14,18,961,1354,1091,1166,-130,188
2002,1202,13,13,821,920,935,816,-114,104
2002,1203,16,12,1038,908,1289,817,-251,91
2002,1204,11,11,769,957,915,777,-146,180
2002,1206,9,19,541,1419,669,1192,-128,227
2002,1207,11,18,819,1506,893,1172,-74,334
2002,1208,9,21,626,1659,689,1437,-63,222
2002,1209,10,19,668,1576,763,1370,-95,206
2002,1210,16,15,1177,1193,1397,979,-220,214
2002,1211,3,28,200,2306,236,1842,-36,464
2002,1212,19,8,1428,679,1769,604,-341,75
2002,1214,6,25,481,1992,526,1664,-45,328
2002,1216,18,14,1017,932,1287,810,-270,122
2002,1217,12,14,702,964,831,849,-129,115
2002,1218,5,27,296,2013,319,1692,-23,321
2002,1219,17,9,1085,686,1355,619,-270,67
2002,1220,20,12,1245,861,1478,772,-233,89
2002,1221,14,18,755,1269,888,1010,-133,259
2002,1222,14,17,908,1337,1095,1174,-187,163
2002,1224,13,18,907,1416,1074,1193,-167,223
2002,1225,19,8,974,484,1246,446,-272,38
2002,1226,17,7,1093,571,1288,518,-195,53
2002,1227,13,17,874,1278,1000,1143,-126,135
2002,1228,8,23,559,1835,646,1470,-87,365
2002,1229,14,17,905,1176,1076,1029,-171,147
2002,1231,11,19,658,1417,726,1131,-68,286
2002,1232,22,6,1321,409,1539,364,-218,45
2002,1233,17,13,1189,943,1335,837,-146,106
2002,1234,15,19,986,1494,1144,1177,-158,317
2002,1235,19,11,1248,849,1444,679,-196,170
2002,1237,15,12,1028,941,1190,827,-162,114
2002,1238,19,9,1348,699,1608,590,-260,109
2002,1239,12,14,771,1048,874,893,-103,155
2002,1240,16,10,1043,784,1242,661,-199,123
2002,1241,15,13,930,1016,1081,860,-151,156
2002,1242,3,27,223,2508,244,2008,-21,500
2002,1243,16,12,1047,863,1274,719,-227,144
2002,1245,5,26,323,2032,352,1612,-29,420
2002,1246,9,19,631,1473,695,1197,-64,276
2002,1247,17,15,1077,1051,1263,925,-186,126
2002,1248,14,14,929,1087,1044,980,-115,107
2002,1249,14,14,915,1048,1089,915,-174,133
2002,1250,23,4,1476,302,1725,260,-249,42
2002,1251,23,2,1428,164,1812,149,-384,15
2002,1253,17,11,1116,833,1323,726,-207,107
2002,1254,22,5,1591,464,2047,426,-456,38
2002,1256,9,18,600,1324,681,1123,-81,201
2002,1257,12,18,779,1524,927,1235,-148,289
2002,1258,20,8,1292,629,1572,555,-280,74
2002,1259,23,5,1296,353,1641,316,-345,37
2002,1260,13,15,871,1136,1018,961,-147,175
2002,1261,14,17,837,1295,967,1011,-130,284
2002,1263,18,11,1071,764,1259,674,-188,90
2002,1264,8,20,532,1575,584,1275,-52,300
2002,1265,9,19,605,1474,650,1238,-45,236
2002,1266,6,26,371,1973,417,1516,-46,457
2002,1267,15,13,1045,1094,1247,966,-202,128
2002,1268,4,26,283,2276,328,1807,-45,469
2002,1269,16,13,976,889,1152,758,-176,131
2002,1270,8,20,549,1407,640,1153,-91,254
2002,1271,18,11,1120,790,1399,700,-279,90
2002,1272,9,21,612,1790,692,1388,-80,402
2002,1273,23,5,1467,384,1842,338,-375,46
2002,1274,7,24,472,1843,523,1540,-51,303
2002,1275,18,13,1031,950,1236,822,-205,128
2002,1276,18,10,1110,750,1369,621,-259,129
2002,1277,11,18,682,1329,764,1077,-82,252
2002,1278,12,17,745,1423,878,1144,-133,279
2002,1279,10,18,663,1361,734,1072,-71,289
2002,1280,7,26,433,2015,546,1662,-113,353
2002,1281,11,21,794,1750,906,1403,-112,347
2002,1282,11,15,658,983,768,848,-110,135
2002,1283,15,17,1034,1233,1137,1046,-103,187
2002,1284,12,18,708,1344,896,1147,-188,197
2002,1285,14,14,895,1109,1106,951,-211,158
2002,1286,9,16,565,1180,656,1005,-91,175
2002,1287,11,14,752,1136,898,991,-146,145
2002,1288,25,3,1604,226,1937,219,-333,7
2002,1289,22,2,1210,145,1808,136,-598,9
2002,1290,16,11,1117,955,1333,804,-216,151
2002,1291,24,3,1468,172,1891,157,-423,15
2002,1292,15,12,893,843,1076,733,-183,110
2002,1293,11,17,764,1407,881,1198,-117,209
2002,1296,16,11,1174,913,1339,812,-165,101
2002,1298,20,9,1274,730,1504,599,-230,131
2002,1299,17,10,1078,740,1310,664,-232,76
2002,1301,10,22,650,1772,799,1370,-149,402
2002,1304,15,12,970,918,1165,768,-195,150
2002,1305,13,16,865,1260,1030,1069,-165,191
2002,1306,17,10,1071,768,1356,680,-285,88
2002,1307,13,16,927,1217,1049,988,-122,229
2002,1308,11,18,777,1435,849,1251,-72,184
2002,1309,14,13,856,911,1048,790,-192,121
2002,1310,14,18,994,1375,1144,1190,-150,185
2002,1311,25,1,1475,61,2017,39,-542,22
2002,1313,19,10,1257,740,1529,675,-272,65
2002,1314,20,8,1308,714,1635,573,-327,141
2002,1317,13,12,925,975,1099,851,-174,124
2002,1318,21,7,1444,545,1647,456,-203,89
2002,1319,14,11,812,859,977,756,-165,103
2002,1320,15,14,976,1080,1157,961,-181,119
2002,1321,13,16,712,1017,865,850,-153,167
2002,1322,18,12,1200,959,1449,826,-249,133
2002,1323,10,20,697,1647,739,1312,-42,335
2002,1324,12,16,789,1312,951,1119,-162,193
2002,1325,11,17,739,1365,868,1146,-129,219
2002,1326,7,23,476,1750,522,1409,-46,341
2002,1328,4,27,273,2152,312,1672,-39,480
2002,1329,8,23,478,1754,574,1407,-96,347
2002,1330,16,13,1055,892,1184,746,-129,146
2002,1331,13,17,854,1434,973,1125,-119,309
2002,1332,8,22,656,1936,694,1473,-38,463
2002,1333,17,9,1010,636,1230,517,-220,119
2002,1334,10,18,657,1287,749,1077,-92,210
2002,1335,6,25,409,1858,435,1522,-26,336
2002,1336,21,7,1294,483,1627,402,-333,81
2002,1337,8,21,595,1752,705,1476,-110,276
2002,1338,5,26,326,1910,364,1552,-38,358
2002,1339,24,6,1704,450,1989,419,-285,31
2002,1340,16,11,1068,891,1348,799,-280,92
2002,1341,19,9,1283,734,1712,667,-429,67
2002,1343,11,15,595,941,724,792,-129,149
2002,1344,16,15,1059,1154,1227,935,-168,219
2002,1345,18,13,1165,1040,1354,861,-189,179
2002,1346,16,14,1181,1189,1355,1008,-174,181
2002,1347,16,14,1050,1065,1186,857,-136,208
2002,1348,20,8,1187,544,1492,496,-305,48
2002,1349,19,10,1173,734,1427,605,-254,129
2002,1350,13,19,746,1264,890,1080,-144,184
2002,1351,11,17,695,1284,777,1078,-82,206
2002,1352,18,12,1168,908,1438,790,-270,118
2002,1353,12,18,737,1295,894,1086,-157,209
2002,1354,15,14,1003,997,1210,912,-207,85
2002,1356,7,26,494,2011,558,1653,-64,358
2002,1357,20,8,1390,718,1616,629,-226,89
2002,1358,14,14,963,1127,1083,967,-120,160
2002,1359,14,15,763,992,897,851,-134,141
2002,1360,13,14,930,1089,1033,908,-103,181
2002,1361,11,18,777,1344,878,1164,-101,180
2002,1362,14,11,900,858,1089,694,-189,164
2002,1363,20,9,1177,602,1446,546,-269,56
2002,1364,10,19,629,1305,685,1076,-56,229
2002,1365,15,12,956,835,1185,737,-229,98
2002,1368,20,6,1069,385,1287,354,-218,31
2002,1369,21,4,1432,356,1691,287,-259,69
2002,1371,18,11,1189,852,1340,722,-151,130
2002,1372,15,12,834,871,1011,748,-177,123
2002,1373,18,16,1184,1182,1334,986,-150,196
2002,1374,14,14,1007,1020,1145,864,-138,156
2002,1375,20,5,1237,363,1474,306,-237,57
2002,1376,14,17,838,1256,967,941,-129,315
2002,1378,12,19,844,1530,1002,1273,-158,257
2002,1379,17,9,964,648,1217,509,-253,139
2002,1380,19,7,1347,603,1653,542,-306,61
2002,1381,16,9,986,608,1168,507,-182,101
2002,1382,12,17,919,1431,1010,1256,-91,175
2002,1383,11,18,799,1528,904,1351,-105,177
2002,1384,21,6,1284,418,1527,360,-243,58
2002,1385,11,20,674,1506,854,1268,-180,238
2002,1386,11,18,812,1422,897,1210,-85,212
2002,1387,16,15,876,1079,1046,893,-170,186
2002,1388,20,8,1132,543,1360,461,-228,82
2002,1389,24,4,1518,306,1893,284,-375,22
2002,1390,9,19,676,1597,772,1254,-96,343
2002,1391,16,8,1069,655,1320,612,-251,43
2002,1392,22,6,1317,388,1638,353,-321,35
2002,1393,11,20,723,1563,837,1259,-114,304
2002,1395,15,14,1220,1232,1394,1052,-174,180
2002,1396,14,15,891,1140,1022,933,-131,207
2002,1397,16,14,1118,1031,1257,884,-139,147
2002,1398,17,8,1236,665,1468,571,-232,94
2002,1399,6,21,417,1685,463,1428,-46,257
2002,1400,11,19,810,1550,897,1335,-87,215
2002,1401,22,8,1368,556,1727,495,-359,61
2002,1402,16,10,1102,780,1275,669,-173,111
2002,1403,8,23,541,1923,679,1537,-138,386
2002,1404,14,10,994,795,1186,722,-192,73
2002,1405,14,15,851,1088,1066,926,-215,162
2002,1406,18,11,992,702,1345,638,-353,64
2002,1407,10,18,669,1440,757,1266,-88,174
2002,1408,15,12,1004,926,1208,810,-204,116
2002,1409,6,25,471,2014,507,1633,-36,381
2002,1410,8,12,515,932,613,816,-98,116
2002,1411,17,11,1071,871,1415,774,-344,97
2002,1412,17,13,1104,1006,1239,793,-135,213
2002,1414,10,19,614,1398,681,1199,-67,199
2002,1415,18,7,1082,525,1323,448,-241,77
2002,1416,12,16,851,1306,935,1077,-84,229
2002,1417,11,19,751,1467,858,1299,-107,168
2002,1418,10,18,616,1302,715,1125,-99,177
2002,1419,12,19,694,1480,917,1289,-223,191
2002,1420,9,20,575,1565,657,1380,-82,185
2002,1421,14,12,865,935,1111,795,-246,140
2002,1422,10,20,645,1531,764,1276,-119,255
2002,1423,9,22,594,1486,654,1215,-60,271
2002,1424,10,20,674,1670,771,1478,-97,192
2002,1425,9,22,640,1765,703,1436,-63,329
2002,1426,15,11,1134,822,1341,715,-207,107
2002,1427,10,19,701,1528,786,1310,-85,218
2002,1428,8,19,485,1340,547,1105,-62,235
2002,1429,7,22,400,1508,437,1243,-37,265
2002,1431,22,8,1418,625,1653,541,-235,84
2002,1433,11,20,772,1479,859,1281,-87,198
2002,1434,7,24,497,1901,551,1492,-54,409
2002,1435,14,16,902,1261,1091,1095,-189,166
2002,1436,8,21,484,1702,563,1418,-79,284
2002,1437,12,17,755,1303,830,1095,-75,208
2002,1438,11,17,812,1429,944,1136,-132,293
2002,1439,18,10,1183,760,1365,618,-182,142
2002,1440,18,7,1283,607,1569,557,-286,50
2002,1441,16,8,1185,625,1361,566,-176,59
2002,1442,16,10,1066,791,1276,695,-210,96
2002,1443,3,26,224,1996,235,1647,-11,349
2002,1444,13,17,890,1316,1024,1148,-134,168
2002,1447,9,19,672,1623,769,1380,-97,243
2002,1448,12,20,920,1699,1073,1381,-153,318
2002,1449,18,10,1203,803,1453,713,-250,90
2002,1450,21,6,1372,528,1759,411,-387,117
2002,1451,11,15,721,1171,801,1031,-80,140
2002,1452,20,7,1364,576,1635,501,-271,75
2002,1453,21,8,1321,572,1522,478,-201,94
2002,1454,13,13,910,1028,1018,829,-108,199
2002,1455,15,15,955,1231,1113,1053,-158,178
2002,1456,19,9,1144,613,1369,526,-225,87
2002,1457,11,15,660,1130,778,920,-118,210
2002,1458,12,17,694,1235,787,1095,-93,140
2002,1459,18,7,1093,485,1352,430,-259,55
2002,1460,11,16,740,1249,871,1048,-131,201
2002,1461,8,20,538,1568,605,1323,-67,245
2002,1462,5,25,316,1866,364,1503,-48,363
2002,1463,8,20,575,1540,665,1276,-90,264
2002,1464,23,3,1400,231,1757,205,-357,26
2003,1102,16,12,778,825,958,638,-180,187
2003,1103,14,13,986,1141,1091,1019,-105,122
2003,1104,11,17,670,1270,774,1046,-104,224
2003,1105,19,7,1310,556,1528,465,-218,91
2003,1106,15,13,893,888,1032,753,-139,135
2003,1107,21,7,1354,492,1661,459,-307,33
2003,1108,19,14,1230,1050,1493,920,-263,130
2003,1110,14,16,844,1147,943,914,-99,233
2003,1111,10,16,755,1410,916,1209,-161,201
2003,1112,3,25,231,2155,244,1723,-13,432
2003,1113,11,18,750,1453,866,1140,-116,313
2003,1114,12,16,811,1150,956,1006,-145,144
2003,1115,24,4,1266,260,1836,241,-570,19
2003,1116,19,9,1083,643,1345,518,-262,125
2003,1117,15,11,966,883,1112,703,-146,180
2003,1119,22,3,1133,209,1488,199,-355,10
2003,1120,11,19,661,1442,832,1135,-171,307
2003,1122,7,20,433,1449,536,1292,-103,157
2003,1123,17,13,1146,1053,1365,916,-219,137
2003,1124,14,14,862,1070,1056,859,-194,211
2003,1125,12,16,812,1217,945,1035,-133,182
2003,1126,22,8,1353,588,1664,523,-311,65
2003,1127,13,14,794,1003,964,823,-170,180
2003,1128,9,17,538,1226,624,1058,-86,168
2003,1129,16,12,992,853,1116,758,-124,95
2003,1130,11,18,785,1525,911,1303,-126,222
2003,1131,10,20,593,1450,696,1202,-103,248
2003,1132,16,11,1007,788,1193,714,-186,74
2003,1133,18,11,1222,875,1372,727,-150,148
2003,1135,11,17,696,1375,827,1191,-131,184
2003,1137,15,13,815,800,1008,653,-193,147
2003,1138,23,5,1439,376,1725,297,-286,79
2003,1139,5,24,318,1671,372,1395,-54,276
2003,1140,8,23,543,1703,608,1366,-65,337
2003,1141,6,23,384,1917,464,1660,-80,257
2003,1142,14,15,893,1065,1040,943,-147,122
2003,1143,8,21,562,1598,643,1380,-81,218
2003,1144,22,4,1360,331,1741,293,-381,38
2003,1145,18,10,1191,776,1335,657,-144,119
2003,1147,14,10,924,819,1170,699,-246,120
2003,1148,13,15,805,1086,936,943,-131,143
2003,1149,14,12,821,861,962,754,-141,107
2003,1150,16,13,1012,973,1208,819,-196,154
2003,1151,9,19,725,1510,819,1298,-94,212
2003,1152,27,3,1693,203,2058,191,-365,12
2003,1153,11,17,652,1233,730,992,-78,241
2003,1154,20,4,1213,301,1456,257,-243,44
2003,1155,13,15,770,1146,941,966,-171,180
2003,1156,22,8,1391,578,1693,503,-302,75
2003,1157,15,11,942,807,1122,695,-180,112
2003,1158,7,22,448,1679,516,1475,-68,204
2003,1159,14,12,864,849,1051,711,-187,138
2003,1160,11,20,714,1627,825,1347,-111,280
2003,1161,13,17,871,1349,1025,1155,-154,194
2003,1162,25,2,1227,113,1578,98,-351,15
2003,1163,9,21,612,1789,708,1434,-96,355
2003,1164,17,11,882,743,1093,633,-211,110
2003,1165,18,8,1011,547,1287,478,-276,69
2003,1166,4,29,275,2340,299,1824,-24,516
2003,1168,19,10,1160,665,1336,597,-176,68
2003,1169,15,13,945,1011,1082,876,-137,135
2003,1170,17,11,992,840,1294,747,-302,93
2003,1171,19,7,1076,464,1287,388,-211,76
2003,1172,10,14,705,1131,824,953,-119,178
2003,1173,5,24,341,1770,384,1539,-43,231
2003,1174,14,15,896,1094,1037,944,-141,150
2003,1175,12,15,630,1050,809,881,-179,169
2003,1176,15,17,1015,1253,1184,1026,-169,227
2003,1177,12,16,726,1151,860,938,-134,213
2003,1178,12,17,759,1299,847,1038,-88,261
2003,1179,20,8,1203,582,1433,513,-230,69
2003,1180,11,18,668,1322,794,1097,-126,225
2003,1181,6,24,443,2016,490,1622,-47,394
2003,1182,21,9,1355,646,1612,589,-257,57
2003,1183,15,13,1072,1090,1256,941,-184,149
2003,1184,17,7,1206,586,1424,511,-218,75
2003,1185,14,12,1018,980,1190,884,-172,96
2003,1186,12,17,754,1275,854,1068,-100,207
2003,1187,15,10,854,721,1057,591,-203,130
2003,1189,15,10,888,672,1121,590,-233,82
2003,1190,10,17,743,1409,845,1247,-102,162
2003,1191,16,12,1042,918,1249,814,-207,104
2003,1192,14,15,921,1185,1097,1056,-176,129
2003,1193,11,19,722,1397,837,1245,-115,152
2003,1194,21,6,1414,451,1689,402,-275,49
2003,1196,7,24,454,1899,489,1516,-35,383
2003,1197,12,17,787,1286,966,1115,-179,171
2003,1198,21,7,1228,449,1457,362,-229,87
2003,1199,15,14,930,1044,1088,842,-158,202
2003,1200,26,2,1651,159,2045,143,-394,16
2003,1201,8,20,556,1450,621,1249,-65,201
2003,1202,17,11,988,819,1206,718,-218,101
2003,1203,17,12,1195,875,1334,751,-139,124
2003,1204,13,13,887,1078,1034,987,-147,91
2003,1205,24,4,1579,303,1820,277,-241,26
2003,1206,12,16,679,1115,809,885,-130,230
2003,1207,14,15,1034,1179,1128,896,-94,283
2003,1208,8,19,576,1562,631,1345,-55,217
2003,1209,15,13,1064,986,1246,811,-182,175
2003,1210,14,14,921,1153,1047,902,-126,251
2003,1211,8,23,584,1805,635,1479,-51,326
2003,1212,18,10,1174,817,1531,728,-357,89
2003,1214,11,19,730,1414,837,1227,-107,187
2003,1216,13,15,759,1047,893,912,-134,135
2003,1217,15,11,1030,806,1173,719,-143,87
2003,1218,11,18,652,1373,749,1187,-97,186
2003,1219,20,7,1318,532,1545,477,-227,55
2003,1220,21,8,1296,563,1560,488,-264,75
2003,1221,4,25,235,1776,289,1399,-54,377
2003,1222,20,8,1126,505,1402,452,-276,53
2003,1224,17,13,1158,1038,1314,871,-156,167
2003,1225,15,12,878,793,1003,713,-125,80
2003,1226,14,13,932,974,1042,880,-110,94
2003,1227,8,21,520,1668,602,1397,-82,271
2003,1228,6,24,386,1877,417,1425,-31,452
2003,1229,21,8,1309,564,1562,473,-253,91
2003,1231,12,20,748,1509,886,1258,-138,251
2003,1232,24,7,1272,477,1634,404,-362,73
2003,1233,12,17,814,1360,899,1174,-85,186
2003,1234,13,15,876,1071,1004,864,-128,207
2003,1235,13,15,803,1168,980,888,-177,280
2003,1236,20,9,1285,692,1590,624,-305,68
2003,1237,13,19,846,1434,1027,1226,-181,208
2003,1238,18,10,1200,772,1410,675,-210,97
2003,1239,16,12,945,891,1216,740,-271,151
2003,1240,10,19,613,1562,725,1362,-112,200
2003,1241,17,12,1072,857,1245,751,-173,106
2003,1242,7,23,473,1967,530,1461,-57,506
2003,1243,17,13,1082,1007,1220,765,-138,242
2003,1245,9,20,643,1579,716,1367,-73,212
2003,1246,3,29,191,2290,227,1824,-36,466
2003,1247,17,12,1087,894,1316,755,-229,139
2003,1248,16,11,1021,764,1212,652,-191,112
2003,1249,14,12,865,820,1017,697,-152,123
2003,1250,12,14,721,939,879,780,-158,159
2003,1251,15,14,921,979,1119,897,-198,82
2003,1252,18,6,1319,526,1545,428,-226,98
2003,1253,22,4,1351,276,1684,256,-333,20
2003,1254,19,9,1342,760,1605,663,-263,97
2003,1256,15,10,905,797,1084,726,-179,71
2003,1257,6,24,444,2011,483,1571,-39,440
2003,1258,19,11,1269,842,1470,739,-201,103
2003,1259,24,4,1369,284,1762,255,-393,29
2003,1260,16,15,1137,1172,1305,1009,-168,163
2003,1261,10,21,617,1653,720,1230,-103,423
2003,1263,16,12,1009,978,1154,799,-145,179
2003,1264,6,23,416,1793,455,1510,-39,283
2003,1265,16,13,1072,997,1238,912,-166,85
2003,1266,5,23,372,1823,413,1482,-41,341
2003,1267,15,13,1022,992,1180,837,-158,155
2003,1268,9,19,659,1603,724,1148,-65,455
2003,1269,18,10,1005,715,1277,597,-272,118
2003,1270,14,13,894,956,1082,810,-188,146
2003,1271,23,5,1382,378,1672,328,-290,50
2003,1272,6,23,440,1721,480,1429,-40,292
2003,1273,6,22,368,1818,497,1545,-129,273
2003,1274,17,11,1120,836,1252,672,-132,164
2003,1275,15,12,798,778,954,650,-156,128
2003,1276,13,17,808,1262,962,1056,-154,206
2003,1277,12,19,741,1343,828,1062,-87,281
2003,1278,12,16,797,1287,933,1077,-136,210
2003,1279,15,14,947,986,1082,764,-135,222
2003,1280,9,21,558,1547,619,1186,-61,361
2003,1281,10,21,635,1590,750,1311,-115,279
2003,1282,20,9,1268,700,1551,631,-283,69
2003,1283,12,17,790,1141,872,910,-82,231
2003,1284,13,15,771,1077,923,955,-152,122
2003,1285,16,12,1074,878,1249,757,-175,121
2003,1286,16,9,969,606,1111,526,-142,80
2003,1287,9,17,606,1461,698,1261,-92,200
2003,1288,22,7,1447,530,1745,467,-298,63
2003,1289,20,4,1162,284,1543,264,-381,20
2003,1290,13,14,927,1124,1035,977,-108,147
2003,1291,16,11,961,754,1186,695,-225,59
2003,1292,14,14,880,1033,1037,874,-157,159
2003,1293,12,15,783,1238,879,999,-96,239
2003,1296,14,17,921,1237,1100,1064,-179,173
2003,1298,19,7,1069,486,1303,417,-234,69
2003,1299,25,1,1521,61,2043,54,-522,7
2003,1301,12,18,770,1402,909,1131,-139,271
2003,1304,18,11,1070,769,1333,657,-263,112
2003,1305,13,17,965,1324,1036,1119,-71,205
2003,1306,23,5,1486,348,1869,299,-383,49
2003,1307,18,9,1213,666,1421,581,-208,85
2003,1308,9,19,598,1449,673,1217,-75,232
2003,1309,14,13,892,985,1053,842,-161,143
2003,1310,12,17,842,1321,988,1182,-146,139
2003,1311,25,2,1332,110,1780,100,-448,10
2003,1313,15,14,876,950,1076,808,-200,142
2003,1314,15,17,1018,1259,1216,1051,-198,208
2003,1317,21,5,1397,398,1692,372,-295,26
2003,1318,15,14,1020,1073,1203,898,-183,175
2003,1319,13,13,859,1005,1003,871,-144,134
2003,1320,17,10,1040,719,1221,634,-181,85
2003,1321,17,12,978,838,1213,692,-235,146
2003,1322,21,6,1253,429,1536,381,-283,48
2003,1323,9,22,684,1799,757,1450,-73,349
2003,1324,11,15,765,1247,887,1056,-122,191
2003,1325,16,14,1065,1074,1244,996,-179,78
2003,1326,14,17,802,1195,966,1032,-164,163
2003,1328,6,24,337,1798,380,1425,-43,373
2003,1329,9,20,525,1468,612,1192,-87,276
2003,1330,15,12,925,874,1050,694,-125,180
2003,1331,10,17,700,1357,796,1103,-96,254
2003,1332,9,23,627,2004,761,1606,-134,398
2003,1333,15,12,966,856,1134,742,-168,114
2003,1334,16,12,979,867,1132,716,-153,151
2003,1335,5,22,297,1598,351,1253,-54,345
2003,1336,21,7,1278,488,1621,419,-343,69
2003,1337,13,15,935,1260,1092,1112,-157,148
2003,1338,4,26,257,1981,285,1480,-28,501
2003,1339,17,10,1125,701,1367,611,-242,90
2003,1340,21,4,1142,284,1406,246,-264,38
2003,1341,12,17,814,1228,957,1116,-143,112
2003,1343,11,15,705,991,784,837,-79,154
2003,1344,13,16,858,1232,973,1009,-115,223
2003,1345,10,18,586,1423,706,1121,-120,302
2003,1346,12,16,851,1230,996,1066,-145,164
2003,1347,20,10,1222,671,1598,602,-376,69
2003,1348,11,18,713,1336,842,1195,-129,141
2003,1349,10,17,666,1301,813,1089,-147,212
2003,1350,13,15,759,1081,891,853,-132,228
2003,1351,16,12,1061,814,1203,717,-142,97
2003,1352,17,9,1178,666,1356,586,-178,80
2003,1353,16,12,1038,856,1210,722,-172,134
2003,1354,10,20,645,1539,790,1348,-145,191
2003,1356,6,24,403,1833,466,1577,-63,256
2003,1357,21,7,1410,520,1696,471,-286,49
2003,1358,6,21,415,1523,468,1294,-53,229
2003,1359,15,12,859,844,1038,714,-179,130
2003,1360,11,17,749,1342,860,1144,-111,198
2003,1361,13,14,918,1025,1037,874,-119,151
2003,1362,14,14,864,1081,1016,911,-152,170
2003,1363,21,5,1336,337,1588,320,-252,17
2003,1364,13,18,804,1200,907,957,-103,243
2003,1365,15,12,903,831,1099,756,-196,75
2003,1366,24,3,1461,203,1948,174,-487,29
2003,1368,16,9,976,628,1173,565,-197,63
2003,1369,19,9,1279,700,1521,603,-242,97
2003,1371,12,17,742,1227,900,1024,-158,203
2003,1372,8,19,490,1412,557,1163,-67,249
2003,1373,10,19,713,1469,786,1265,-73,204
2003,1374,13,17,859,1326,1031,1154,-172,172
2003,1375,14,12,934,895,1100,757,-166,138
2003,1376,16,12,973,866,1168,715,-195,151
2003,1378,14,14,876,1026,1019,892,-143,134
2003,1379,16,13,980,959,1178,855,-198,104
2003,1380,20,7,1330,485,1527,404,-197,81
2003,1381,17,9,1083,656,1314,576,-231,80
2003,1382,14,13,1054,1092,1177,932,-123,160
2003,1383,16,14,1064,1217,1247,1034,-183,183
2003,1384,14,14,900,1012,1060,895,-160,117
2003,1385,13,16,870,1200,980,1037,-110,163
2003,1386,6,23,384,1664,424,1295,-40,369
2003,1387,13,16,742,1027,894,866,-152,161
2003,1388,15,14,897,1026,1033,858,-136,168
2003,1389,19,10,1345,787,1584,680,-239,107
2003,1390,8,23,528,1712,602,1474,-74,238
2003,1391,20,6,1393,463,1692,415,-299,48
2003,1392,15,11,848,823,1022,732,-174,91
2003,1393,5,24,316,2007,366,1661,-50,346
2003,1394,15,11,1065,887,1316,758,-251,129
2003,1395,19,9,1352,794,1546,706,-194,88
2003,1396,15,15,881,1121,1087,923,-206,198
2003,1397,11,17,730,1190,839,1013,-109,177
2003,1398,24,1,1718,87,2229,78,-511,9
2003,1399,12,17,761,1373,887,1139,-126,234
2003,1400,6,22,487,1721,528,1395,-41,326
2003,1401,14,14,953,1062,1159,891,-206,171
2003,1402,12,15,776,1156,879,968,-103,188
2003,1403,12,18,750,1456,851,1165,-101,291
2003,1404,14,10,962,818,1175,717,-213,101
2003,1405,16,13,1047,987,1203,840,-156,147
2003,1406,24,4,1345,246,1819,197,-474,49
2003,1407,5,25,343,2038,418,1699,-75,339
2003,1408,15,15,967,1164,1138,898,-171,266
2003,1409,9,22,632,1647,687,1336,-55,311
2003,1410,20,6,1197,389,1453,343,-256,46
2003,1411,12,18,792,1392,896,1229,-104,163
2003,1412,12,18,855,1455,982,1194,-127,261
2003,1414,9,19,540,1398,652,1182,-112,216
2003,1415,18,5,1165,338,1397,315,-232,23
2003,1416,11,20,681,1543,770,1271,-89,272
2003,1417,19,10,1339,842,1562,718,-223,124
2003,1418,9,19,630,1499,705,1241,-75,258
2003,1419,16,11,1111,817,1355,687,-244,130
2003,1420,20,7,1207,496,1469,416,-262,80
2003,1421,16,13,1031,1034,1324,951,-293,83
2003,1422,22,6,1497,462,1718,404,-221,58
2003,1423,6,24,367,1774,421,1367,-54,407
2003,1424,10,21,711,1632,799,1388,-88,244
2003,1425,17,13,1182,1113,1372,924,-190,189
2003,1426,13,14,735,956,885,805,-150,151
2003,1427,17,9,1015,705,1247,626,-232,79
2003,1428,7,23,416,1586,477,1323,-61,263
2003,1429,8,22,464,1515,515,1288,-51,227
2003,1431,24,5,1400,417,1774,355,-374,62
2003,1433,10,18,658,1415,746,1157,-88,258
2003,1434,10,20,601,1533,745,1233,-144,300
2003,1435,18,11,1129,869,1387,704,-258,165
2003,1436,10,19,602,1364,696,1135,-94,229
2003,1437,15,15,965,1201,1086,1017,-121,184
2003,1438,15,14,1027,1101,1193,976,-166,125
2003,1439,18,11,1207,829,1458,666,-251,163
2003,1440,19,8,1196,523,1499,465,-303,58
2003,1441,18,6,1239,433,1465,385,-226,48
2003,1442,21,5,1292,383,1598,364,-306,19
2003,1443,8,23,545,1721,651,1408,-106,313
2003,1444,10,19,625,1401,716,1122,-91,279
2003,1447,10,21,728,1614,841,1374,-113,240
2003,1448,5,24,341,1933,404,1557,-63,376
2003,1449,17,10,1144,811,1350,676,-206,135
2003,1450,20,7,1365,541,1648,479,-283,62
2003,1451,4,25,257,1895,289,1659,-32,236
2003,1452,15,14,942,995,1145,872,-203,123
2003,1453,19,9,1229,673,1449,565,-220,108
2003,1454,7,23,514,1799,584,1514,-70,285
2003,1455,11,18,739,1353,863,1176,-124,177
2003,1456,16,12,943,856,1149,769,-206,87
2003,1457,10,18,595,1349,705,1154,-110,195
2003,1458,7,22,429,1622,482,1220,-53,402
2003,1459,15,10,1044,796,1194,725,-150,71
2003,1460,18,9,1169,653,1367,595,-198,58
2003,1461,10,19,668,1446,796,1239,-128,207
2003,1462,5,25,297,2050,329,1650,-32,400
2003,1463,13,13,804,968,932,804,-128,164
2003,1464,20,7,1194,462,1448,424,-254,38
2004,1102,6,22,281,1404,341,1071,-60,333
2004,1103,15,13,1036,973,1174,846,-138,127
2004,1104,12,17,796,1298,887,1069,-91,229
2004,1105,16,13,1040,984,1263,865,-223,119
2004,1106,14,16,756,1087,929,889,-173,198
2004,1107,23,5,1292,329,1553,288,-261,41
2004,1108,18,11,1063,792,1391,707,-328,85
2004,1110,13,18,850,1242,962,1054,-112,188
2004,1111,21,8,1388,611,1615,519,-227,92
2004,1112,9,20,735,1803,791,1483,-56,320
2004,1113,17,10,1168,832,1354,714,-186,118
2004,1114,12,14,817,1000,936,804,-119,196
2004,1115,26,1,1349,61,1954,54,-605,7
2004,1116,16,12,978,950,1162,759,-184,191
2004,1117,11,15,755,1138,836,983,-81,155
2004,1119,21,4,991,240,1386,221,-395,19
2004,1120,14,14,880,1080,1020,816,-140,264
2004,1122,9,19,510,1287,621,1092,-111,195
2004,1123,15,13,982,981,1135,849,-153,132
2004,1124,20,7,1186,497,1454,443,-268,54
2004,1125,8,20,554,1471,595,1239,-41,232
2004,1126,21,8,1143,568,1422,517,-279,51
2004,1127,16,14,914,888,1125,760,-211,128
2004,1128,7,18,446,1362,522,1123,-76,239
2004,1129,9,19,595,1433,678,1209,-83,224
2004,1130,9,23,564,1636,646,1394,-82,242
2004,1131,5,23,272,1606,318,1328,-46,278
2004,1132,17,12,1118,909,1298,780,-180,129
2004,1133,15,15,922,1055,1101,936,-179,119
2004,1135,13,13,786,1075,982,911,-196,164
2004,1137,15,12,910,817,1042,619,-132,198
2004,1138,12,17,814,1361,957,1115,-143,246
2004,1139,14,15,773,1031,880,871,-107,160
2004,1140,8,19,465,1484,534,1231,-69,253
2004,1141,24,5,1585,407,1937,371,-352,36
2004,1142,16,10,1022,799,1215,689,-193,110
2004,1143,15,13,887,986,1032,851,-145,135
2004,1144,24,3,1614,244,2085,223,-471,21
2004,1145,19,10,1305,692,1480,617,-175,75
2004,1147,12,14,727,1035,882,881,-155,154
2004,1148,14,14,909,1070,1023,920,-114,150
2004,1149,22,4,1246,252,1523,190,-277,62
2004,1150,8,21,547,1754,613,1459,-66,295
2004,1151,11,16,793,1325,913,1162,-120,163
2004,1152,20,11,1222,791,1496,710,-274,81
2004,1153,6,24,437,1870,489,1398,-52,472
2004,1154,21,3,1126,218,1553,188,-427,30
2004,1155,18,10,1064,775,1318,668,-254,107
2004,1156,25,2,1568,161,1880,140,-312,21
2004,1157,15,12,1019,836,1162,702,-143,134
2004,1158,9,19,624,1438,697,1222,-73,216
2004,1159,14,13,860,921,1024,844,-164,77
2004,1160,10,17,651,1350,787,1139,-136,211
2004,1161,16,12,997,955,1217,816,-220,139
2004,1162,17,9,1046,701,1257,600,-211,101
2004,1163,6,27,398,2212,451,1659,-53,553
2004,1164,14,18,788,1181,948,1000,-160,181
2004,1165,16,10,1034,801,1191,657,-157,144
2004,1166,8,20,504,1410,590,1131,-86,279
2004,1168,17,10,1118,782,1293,694,-175,88
2004,1169,16,13,1002,955,1176,823,-174,132
2004,1170,15,11,976,848,1134,737,-158,111
2004,1171,24,2,1327,124,1647,119,-320,5
2004,1172,12,14,798,1036,974,880,-176,156
2004,1173,8,24,464,1711,540,1511,-76,200
2004,1174,12,16,785,1202,884,1067,-99,135
2004,1175,15,13,831,890,995,739,-164,151
2004,1176,13,13,873,936,1014,813,-141,123
2004,1177,9,21,602,1524,699,1331,-97,193
2004,1178,11,19,649,1299,754,1033,-105,266
2004,1179,16,11,1050,819,1202,727,-152,92
2004,1180,10,18,639,1404,720,1170,-81,234
2004,1181,5,27,381,2171,417,1662,-36,509
2004,1182,17,12,1074,966,1270,801,-196,165
2004,1183,20,4,1274,331,1514,293,-240,38
2004,1184,15,12,1001,951,1174,799,-173,152
2004,1185,15,10,927,810,1159,649,-232,161
2004,1186,12,16,788,1179,922,992,-134,187
2004,1187,14,12,894,911,1029,698,-135,213
2004,1189,18,10,1133,766,1409,672,-276,94
2004,1190,5,24,375,1885,411,1626,-36,259
2004,1191,22,7,1433,529,1721,442,-288,87
2004,1192,12,16,775,1147,875,1032,-100,115
2004,1193,11,19,648,1380,761,1165,-113,215
2004,1194,19,7,1335,645,1484,536,-149,109
2004,1196,10,20,668,1641,760,1314,-92,327
2004,1197,16,14,1086,1077,1300,919,-214,158
2004,1198,22,3,1158,199,1526,174,-368,25
2004,1199,13,17,821,1307,920,1015,-99,292
2004,1200,22,6,1289,446,1684,390,-395,56
2004,1201,15,13,913,841,1034,702,-121,139
2004,1202,12,14,838,1045,914,873,-76,172
2004,1203,11,18,761,1424,875,1149,-114,275
2004,1204,8,18,624,1426,677,1224,-53,202
2004,1205,20,7,1258,527,1531,453,-273,74
2004,1206,9,21,577,1609,699,1362,-122,247
2004,1207,15,13,864,1019,1046,802,-182,217
2004,1208,13,16,733,1188,903,987,-170,201
2004,1209,9,18,553,1432,643,1206,-90,226
2004,1210,9,23,675,1823,751,1402,-76,421
2004,1211,2,27,146,2242,160,1752,-14,490
2004,1212,18,9,1110,705,1405,576,-295,129
2004,1214,17,13,1067,990,1264,844,-197,146
2004,1216,17,11,958,783,1232,677,-274,106
2004,1217,23,4,1471,277,1816,251,-345,26
2004,1218,11,18,688,1340,773,1141,-85,199
2004,1219,11,17,682,1286,881,1088,-199,198
2004,1220,15,14,1007,1043,1151,912,-144,131
2004,1221,14,13,801,895,902,661,-101,234
2004,1222,18,9,1015,577,1238,507,-223,70
2004,1224,22,6,1289,394,1490,352,-201,42
2004,1225,16,13,969,856,1123,738,-154,118
2004,1226,18,11,1230,834,1512,768,-282,66
2004,1227,7,24,416,1754,473,1465,-57,289
2004,1228,6,24,355,1821,432,1452,-77,369
2004,1229,19,9,1094,644,1304,538,-210,106
2004,1231,15,14,877,1004,1080,881,-203,123
2004,1232,19,9,989,634,1205,524,-216,110
2004,1233,18,11,1253,825,1482,689,-229,136
2004,1234,12,16,793,1209,908,1020,-115,189
2004,1235,12,16,810,1260,970,1079,-160,181
2004,1236,24,2,1426,159,1736,150,-310,9
2004,1237,11,19,742,1551,811,1367,-69,184
2004,1238,17,12,960,876,1153,748,-193,128
2004,1239,15,11,976,852,1184,787,-208,65
2004,1240,14,12,951,960,1132,796,-181,164
2004,1241,21,7,1312,504,1542,462,-230,42
2004,1242,8,20,490,1606,576,1333,-86,273
2004,1243,14,14,909,1034,1044,791,-135,243
2004,1245,8,21,477,1614,534,1336,-57,278
2004,1246,4,26,241,1953,270,1614,-29,339
2004,1247,20,10,1211,742,1467,631,-256,111
2004,1248,10,16,687,1251,803,1105,-116,146
2004,1249,18,7,1294,594,1488,525,-194,69
2004,1250,10,18,627,1217,738,1045,-111,172
2004,1251,14,17,864,1267,1061,1016,-197,251
2004,1252,21,5,1413,355,1740,305,-327,50
2004,1253,21,5,1266,361,1560,336,-294,25
2004,1254,19,8,1258,614,1484,558,-226,56
2004,1256,15,13,941,928,1075,802,-134,126
2004,1257,9,20,575,1550,628,1138,-53,412
2004,1258,14,14,873,1015,1033,916,-160,99
2004,1259,27,1,1615,63,2017,57,-402,6
2004,1260,20,9,1309,724,1533,654,-224,70
2004,1261,10,18,584,1279,709,1072,-125,207
2004,1263,10,18,621,1256,723,1061,-102,195
2004,1264,5,24,285,1871,328,1512,-43,359
2004,1265,22,6,1347,375,1641,333,-294,42
2004,1266,11,16,757,1158,867,997,-110,161
2004,1267,17,12,1089,933,1324,826,-235,107
2004,1268,11,19,801,1520,911,1242,-110,278
2004,1269,19,10,1222,753,1474,643,-252,110
2004,1270,16,8,1145,608,1311,521,-166,87
2004,1271,21,8,1200,504,1543,473,-343,31
2004,1272,7,21,476,1584,528,1318,-52,266
2004,1273,18,11,1191,868,1462,754,-271,114
2004,1274,16,13,1067,995,1209,792,-142,203
2004,1275,11,17,594,1162,718,1014,-124,148
2004,1276,11,18,673,1312,772,1081,-99,231
2004,1277,11,18,731,1341,836,1117,-105,224
2004,1278,18,12,1151,951,1343,808,-192,143
2004,1279,15,13,905,865,1108,723,-203,142
2004,1280,3,25,209,1950,218,1638,-9,312
2004,1281,13,16,893,1269,1008,1104,-115,165
2004,1282,14,15,956,1189,1102,941,-146,248
2004,1283,14,19,865,1344,975,1133,-110,211
2004,1284,11,21,686,1515,826,1315,-140,200
2004,1285,18,8,1181,599,1386,529,-205,70
2004,1286,13,12,815,868,957,747,-142,121
2004,1287,13,13,913,1008,1091,903,-178,105
2004,1288,16,11,1045,809,1215,722,-170,87
2004,1290,6,21,373,1481,456,1168,-83,313
2004,1291,19,10,1227,731,1433,637,-206,94
2004,1292,12,15,772,1082,899,927,-127,155
2004,1293,5,25,300,2124,365,1717,-65,407
2004,1296,19,8,1211,579,1424,485,-213,94
2004,1298,23,3,1243,176,1689,162,-446,14
2004,1299,25,3,1388,230,1895,187,-507,43
2004,1301,9,20,574,1553,622,1269,-48,284
2004,1304,12,16,753,1199,852,873,-99,326
2004,1305,8,22,574,1691,637,1348,-63,343
2004,1306,20,10,1145,666,1379,571,-234,95
2004,1307,14,12,863,904,1013,725,-150,179
2004,1308,14,11,799,818,985,676,-186,142
2004,1309,14,16,896,1189,1070,1070,-174,119
2004,1310,9,21,629,1825,671,1574,-42,251
2004,1311,21,2,1286,166,1620,159,-334,7
2004,1313,16,12,909,811,1097,717,-188,94
2004,1314,10,18,784,1542,839,1274,-55,268
2004,1317,15,11,1027,836,1191,758,-164,78
2004,1318,11,17,782,1316,908,1146,-126,170
2004,1319,14,13,957,1049,1110,929,-153,120
2004,1320,9,20,534,1473,604,1288,-70,185
2004,1321,15,14,880,907,1044,780,-164,127
2004,1322,17,8,1163,650,1371,558,-208,92
2004,1323,12,17,757,1291,855,1106,-98,185
2004,1324,17,11,1162,893,1343,732,-181,161
2004,1325,20,10,1274,726,1447,643,-173,83
2004,1326,16,14,984,966,1215,840,-231,126
2004,1328,10,19,597,1338,747,1054,-150,284
2004,1329,3,26,225,2043,252,1601,-27,442
2004,1330,12,17,843,1293,951,1084,-108,209
2004,1331,11,15,850,1203,946,1062,-96,141
2004,1332,12,15,889,1171,1008,996,-119,175
2004,1333,16,11,1143,791,1315,703,-172,88
2004,1334,7,23,418,1657,494,1420,-76,237
2004,1335,10,17,652,1277,731,986,-79,291
2004,1336,19,9,1024,608,1339,535,-315,73
2004,1337,16,15,1161,1285,1320,1131,-159,154
2004,1338,4,28,236,1968,246,1549,-10,419
2004,1339,17,11,1090,863,1305,754,-215,109
2004,1340,16,9,992,664,1133,576,-141,88
2004,1341,20,7,1197,476,1540,430,-343,46
2004,1343,7,19,359,1266,406,1071,-47,195
2004,1344,8,20,504,1498,577,1224,-73,274
2004,1345,13,17,747,1206,832,977,-85,229
2004,1346,20,7,1398,542,1604,479,-206,63
2004,1347,16,10,977,749,1147,664,-170,85
2004,1348,12,19,730,1392,862,1136,-132,256
2004,1349,10,21,675,1606,813,1327,-138,279
2004,1350,12,20,703,1362,788,1100,-85,262
2004,1351,13,17,777,1279,935,1141,-158,138
2004,1352,15,13,974,925,1152,827,-178,98
2004,1353,12,15,709,1101,841,932,-132,169
2004,1354,11,17,670,1255,815,1017,-145,238
2004,1356,4,25,249,1818,280,1544,-31,274
2004,1357,15,12,1079,907,1266,828,-187,79
2004,1358,15,9,1002,732,1246,624,-244,108
2004,1359,16,8,931,539,1136,481,-205,58
2004,1360,26,3,1739,222,2130,202,-391,20
2004,1361,16,12,1063,911,1220,779,-157,132
2004,1362,14,16,778,1149,1033,1008,-255,141
2004,1363,22,5,1289,328,1547,284,-258,44
2004,1364,12,15,706,1075,809,890,-103,185
2004,1365,16,15,949,1064,1150,919,-201,145
2004,1366,23,4,1354,270,1885,246,-531,24
2004,1368,9,16,605,1221,670,1084,-65,137
2004,1369,16,9,1050,706,1175,637,-125,69
2004,1371,9,19,579,1445,647,1158,-68,287
2004,1372,9,17,582,1198,626,966,-44,232
2004,1373,16,14,1070,1001,1262,879,-192,122
2004,1374,18,12,1130,807,1355,705,-225,102
2004,1375,16,10,1031,672,1231,554,-200,118
2004,1376,10,23,638,1702,735,1336,-97,366
2004,1378,20,7,1152,502,1418,431,-266,71
2004,1379,15,12,846,880,1093,760,-247,120
2004,1380,16,11,1046,834,1173,713,-127,121
2004,1381,18,8,1109,546,1382,475,-273,71
2004,1382,21,7,1359,545,1728,492,-369,53
2004,1383,13,15,848,1149,969,985,-121,164
2004,1384,15,13,929,944,1123,833,-194,111
2004,1385,21,6,1271,402,1562,352,-291,50
2004,1386,1,27,67,2111,87,1635,-20,476
2004,1387,12,18,686,1183,831,941,-145,242
2004,1388,12,16,837,1286,948,1000,-111,286
2004,1389,12,17,849,1347,1017,1168,-168,179
2004,1390,1,29,62,2156,75,1746,-13,410
2004,1391,15,10,954,729,1173,669,-219,60
2004,1392,20,10,1216,661,1433,596,-217,65
2004,1393,7,21,447,1595,535,1336,-88,259
2004,1394,11,11,670,871,840,725,-170,146
2004,1395,17,12,1060,881,1307,738,-247,143
2004,1396,13,15,782,1036,923,878,-141,158
2004,1397,13,15,799,1209,1025,974,-226,235
2004,1398,20,6,1342,454,1636,407,-294,47
2004,1399,15,10,1041,821,1231,718,-190,103
2004,1400,7,23,452,1862,529,1463,-77,399
2004,1401,21,7,1414,599,1663,477,-249,122
2004,1402,14,9,875,682,1029,578,-154,104
2004,1403,10,22,643,1706,751,1375,-108,331
2004,1404,18,8,1182,662,1443,553,-261,109
2004,1405,10,20,660,1647,811,1442,-151,205
2004,1406,21,8,1244,528,1537,478,-293,50
2004,1407,5,23,341,1999,371,1667,-30,332
2004,1408,17,10,1013,740,1255,635,-242,105
2004,1409,20,9,1305,677,1527,552,-222,125
2004,1410,14,10,910,714,1141,625,-231,89
2004,1411,15,13,938,906,1122,746,-184,160
2004,1412,9,20,602,1560,671,1272,-69,288
2004,1414,17,10,997,701,1136,649,-139,52
2004,1415,17,10,1098,726,1262,654,-164,72
2004,1416,5,24,288,1757,347,1457,-59,300
2004,1417,17,11,1074,789,1248,712,-174,77
2004,1418,8,18,518,1465,591,1226,-73,239
2004,1419,19,9,1222,646,1503,577,-281,69
2004,1420,21,7,1212,472,1403,384,-191,88
2004,1421,20,7,1206,457,1554,397,-348,60
2004,1422,17,10,1211,763,1403,659,-192,104
2004,1423,15,15,851,993,976,811,-125,182
2004,1424,12,17,839,1308,940,1123,-101,185
2004,1425,15,13,1052,1059,1241,965,-189,94
2004,1426,12,14,745,1091,894,933,-149,158
2004,1427,12,16,751,1277,886,1148,-135,129
2004,1428,8,23,431,1581,541,1245,-110,336
2004,1429,3,24,167,1682,183,1362,-16,320
2004,1431,7,22,450,1739,554,1396,-104,343
2004,1433,7,23,402,1722,497,1410,-95,312
2004,1434,12,17,804,1292,940,1132,-136,160
2004,1435,9,21,591,1624,675,1267,-84,357
2004,1436,8,22,483,1509,593,1270,-110,239
2004,1437,15,15,974,1116,1093,951,-119,165
2004,1438,12,17,818,1345,998,1186,-180,159
2004,1439,14,15,891,1040,1077,885,-186,155
2004,1440,22,4,1165,251,1565,221,-400,30
2004,1441,15,9,993,688,1164,597,-171,91
2004,1442,24,3,1539,240,1917,207,-378,33
2004,1443,13,13,918,1016,1054,835,-136,181
2004,1444,4,26,274,2102,323,1655,-49,447
2004,1447,16,12,976,893,1136,828,-160,65
2004,1448,9,19,668,1679,730,1388,-62,291
2004,1449,11,19,787,1656,910,1437,-123,219
2004,1450,16,12,828,793,1036,643,-208,150
2004,1451,14,13,880,942,1011,804,-131,138
2004,1452,13,15,782,1045,935,913,-153,132
2004,1453,11,16,659,1098,799,963,-140,135
2004,1454,10,18,694,1450,778,1236,-84,214
2004,1455,10,20,667,1462,729,1197,-62,265
2004,1456,21,7,1428,579,1659,488,-231,91
2004,1457,12,14,699,996,820,866,-121,130
2004,1458,6,24,341,1718,402,1298,-61,420
2004,1459,20,6,1356,509,1668,467,-312,42
2004,1460,13,14,806,985,976,846,-170,139
2004,1461,17,11,1085,874,1258,674,-173,200
2004,1462,10,23,641,1683,739,1319,-98,364
2004,1463,15,11,954,745,1118,621,-164,124
2004,1464,20,7,1241,529,1473,487,-232,42
2005,1102,12,17,679,1097,775,824,-96,273
2005,1103,10,18,647,1358,729,1126,-82,232
2005,1104,7,23,440,1823,517,1428,-77,395
2005,1105,13,16,845,1158,992,974,-147,184
2005,1106,15,15,807,932,1004,835,-197,97
2005,1107,15,13,934,952,1050,761,-116,191
2005,1108,22,6,1228,373,1594,351,-366,22
2005,1110,12,16,721,1160,862,988,-141,172
2005,1111,12,15,758,1173,900,980,-142,193
2005,1112,6,27,416,2213,472,1823,-56,390
2005,1113,13,18,980,1375,1087,1134,-107,241
2005,1114,10,15,639,1024,808,889,-169,135
2005,1115,21,5,1176,337,1476,308,-300,29
2005,1116,12,18,725,1422,846,1039,-121,383
2005,1117,13,13,881,1046,1016,893,-135,153
2005,1119,24,1,1295,63,1687,43,-392,20
2005,1120,17,14,1094,1097,1366,966,-272,131
2005,1122,19,13,1168,922,1354,793,-186,129
2005,1123,13,14,856,1028,957,901,-101,127
2005,1124,19,8,1149,622,1477,480,-328,142
2005,1125,16,14,1052,1056,1180,921,-128,135
2005,1126,17,13,983,948,1205,852,-222,96
2005,1127,17,12,990,794,1200,639,-210,155
2005,1128,14,15,828,1033,946,886,-118,147
2005,1129,18,15,1190,1149,1437,1035,-247,114
2005,1130,4,24,257,1757,294,1493,-37,264
2005,1131,8,20,461,1327,526,1026,-65,301
2005,1132,11,17,667,1269,808,1122,-141,147
2005,1133,15,13,989,970,1145,851,-156,119
2005,1135,16,12,970,879,1171,727,-201,152
2005,1137,9,22,500,1471,607,1205,-107,266
2005,1138,9,22,668,1663,754,1459,-86,204
2005,1139,15,11,866,786,992,622,-126,164
2005,1140,21,7,1252,533,1506,438,-254,95
2005,1141,18,8,1096,623,1429,557,-333,66
2005,1142,22,4,1409,339,1791,293,-382,46
2005,1143,16,13,1033,923,1274,780,-241,143
2005,1144,25,2,1538,143,1936,129,-398,14
2005,1145,18,11,1249,840,1446,767,-197,73
2005,1147,24,2,1494,150,1887,145,-393,5
2005,1148,16,12,985,934,1143,805,-158,129
2005,1149,16,12,847,774,1084,704,-237,70
2005,1150,7,21,505,1689,571,1447,-66,242
2005,1151,10,17,632,1270,765,1059,-133,211
2005,1152,19,9,1163,645,1408,572,-245,73
2005,1153,7,24,475,1894,543,1454,-68,440
2005,1154,16,8,941,604,1207,514,-266,90
2005,1155,15,16,979,1241,1156,980,-177,261
2005,1156,17,7,1095,513,1321,414,-226,99
2005,1157,18,8,1173,593,1382,521,-209,72
2005,1158,10,18,652,1366,758,1139,-106,227
2005,1159,16,10,989,688,1154,618,-165,70
2005,1160,16,13,1093,972,1307,862,-214,110
2005,1161,17,9,1054,746,1207,623,-153,123
2005,1162,15,12,908,826,1071,702,-163,124
2005,1163,7,22,467,1813,511,1425,-44,388
2005,1164,15,14,764,1001,1015,818,-251,183
2005,1165,14,12,853,811,1006,715,-153,96
2005,1166,10,23,676,1684,735,1409,-59,275
2005,1168,10,18,689,1385,789,1201,-100,184
2005,1169,13,17,887,1263,991,1034,-104,229
2005,1170,16,10,977,798,1174,758,-197,40
2005,1171,17,9,978,518,1210,474,-232,44
2005,1172,8,18,507,1328,599,1168,-92,160
2005,1173,11,18,723,1154,810,976,-87,178
2005,1174,20,11,1236,781,1472,644,-236,137
2005,1175,13,19,736,1261,904,1075,-168,186
2005,1176,10,18,687,1350,764,1112,-77,238
2005,1177,10,19,600,1373,693,1148,-93,225
2005,1178,16,13,866,912,1009,751,-143,161
2005,1179,16,13,987,1023,1171,906,-184,117
2005,1180,11,17,689,1257,785,1048,-96,209
2005,1181,5,25,385,2008,408,1566,-23,442
2005,1182,22,8,1391,623,1688,551,-297,72
2005,1183,16,11,1025,803,1226,728,-201,75
2005,1184,8,19,496,1404,621,1201,-125,203
2005,1185,18,10,1237,792,1423,694,-186,98
2005,1186,20,7,1205,453,1461,366,-256,87
2005,1187,19,7,1153,475,1419,425,-266,50
2005,1189,22,7,1283,456,1564,411,-281,45
2005,1190,19,7,1350,589,1591,517,-241,72
2005,1191,17,11,1147,839,1311,734,-164,105
2005,1192,12,19,885,1414,987,1211,-102,203
2005,1193,15,15,983,1058,1099,911,-116,147
2005,1194,17,10,1221,852,1388,736,-167,116
2005,1196,7,23,476,1830,528,1354,-52,476
2005,1197,15,14,887,1085,1200,941,-313,144
2005,1198,17,12,1070,877,1278,792,-208,85
2005,1199,19,11,1187,853,1391,714,-204,139
2005,1200,16,13,902,927,1106,765,-204,162
2005,1201,14,15,961,1119,1079,977,-118,142
2005,1202,13,12,831,862,971,728,-140,134
2005,1203,7,22,457,1783,532,1409,-75,374
2005,1204,13,14,921,1228,1050,1018,-129,210
2005,1205,12,16,776,1219,883,1050,-107,169
2005,1206,13,16,830,1297,978,1040,-148,257
2005,1207,12,17,738,1119,868,927,-130,192
2005,1208,20,8,1073,610,1379,519,-306,91
2005,1209,15,13,932,1029,1127,902,-195,127
2005,1210,11,19,745,1492,833,1156,-88,336
2005,1211,4,25,284,2027,314,1710,-30,317
2005,1212,12,12,743,850,934,764,-191,86
2005,1214,13,17,759,1214,935,985,-176,229
2005,1216,20,8,1106,559,1483,471,-377,88
2005,1217,15,12,886,927,1063,811,-177,116
2005,1218,13,16,867,1123,947,979,-80,144
2005,1219,17,11,1145,903,1299,733,-154,170
2005,1220,8,21,542,1571,618,1311,-76,260
2005,1221,6,24,328,1674,375,1301,-47,373
2005,1222,13,18,831,1326,1015,1103,-184,223
2005,1224,23,5,1384,408,1703,362,-319,46
2005,1225,21,7,1240,458,1445,404,-205,54
2005,1226,18,7,1059,521,1323,462,-264,59
2005,1227,13,13,873,930,1008,794,-135,136
2005,1228,1,32,64,2491,65,1919,-1,572
2005,1229,13,16,748,1173,897,1017,-149,156
2005,1231,13,15,741,1049,867,911,-126,138
2005,1232,20,11,1126,764,1334,675,-208,89
2005,1233,16,15,1030,1191,1167,1044,-137,147
2005,1234,11,21,740,1603,812,1333,-72,270
2005,1235,11,18,689,1294,789,1071,-100,223
2005,1236,22,6,1300,428,1633,359,-333,69
2005,1237,13,14,882,1013,1023,829,-141,184
2005,1238,17,14,1021,972,1282,862,-261,110
2005,1239,13,14,852,1048,1079,942,-227,106
2005,1240,22,4,1412,331,1657,292,-245,39
2005,1241,22,6,1293,402,1669,353,-376,49
2005,1242,6,23,408,1780,447,1445,-39,335
2005,1243,12,15,774,1079,889,903,-115,176
2005,1245,12,18,729,1336,853,1121,-124,215
2005,1246,5,25,303,1909,352,1505,-49,404
2005,1247,19,10,1104,713,1341,637,-237,76
2005,1248,19,8,1155,651,1453,589,-298,62
2005,1249,11,14,781,1169,869,1026,-88,143
2005,1250,15,13,885,833,997,720,-112,113
2005,1251,15,12,907,909,1170,830,-263,79
2005,1252,12,14,746,1004,898,894,-152,110
2005,1253,20,10,1186,634,1429,561,-243,73
2005,1254,15,13,920,965,1145,863,-225,102
2005,1255,29,1,1836,75,2348,69,-512,6
2005,1256,15,14,1015,1025,1164,881,-149,144
2005,1257,4,27,264,2233,291,1651,-27,582
2005,1258,17,11,1135,764,1322,654,-187,110
2005,1259,22,6,1391,455,1690,425,-299,30
2005,1260,17,12,1050,894,1260,762,-210,132
2005,1261,9,20,591,1598,705,1355,-114,243
2005,1263,15,13,884,870,1069,764,-185,106
2005,1264,14,13,913,1043,1065,856,-152,187
2005,1265,17,11,1145,816,1313,724,-168,92
2005,1266,11,18,651,1313,790,1104,-139,209
2005,1267,22,6,1431,438,1661,407,-230,31
2005,1268,12,16,899,1406,1042,1107,-143,299
2005,1269,12,16,664,1138,806,1035,-142,103
2005,1270,15,9,1093,659,1267,584,-174,75
2005,1271,26,2,1424,157,2091,136,-667,21
2005,1272,15,19,906,1496,1046,1179,-140,317
2005,1273,12,14,841,1238,982,1065,-141,173
2005,1274,12,16,801,1203,933,1018,-132,185
2005,1275,10,18,534,1299,632,1080,-98,219
2005,1276,18,13,1038,873,1269,714,-231,159
2005,1277,6,22,427,1759,469,1305,-42,454
2005,1278,10,21,603,1519,710,1238,-107,281
2005,1279,17,14,967,1012,1188,800,-221,212
2005,1280,10,22,649,1669,782,1330,-133,339
2005,1281,16,16,979,1075,1160,953,-181,122
2005,1282,12,14,768,1117,872,999,-104,118
2005,1283,12,18,752,1411,841,1162,-89,249
2005,1284,13,16,723,1122,856,976,-133,146
2005,1285,12,16,756,1184,914,1019,-158,165
2005,1286,14,12,844,893,1028,746,-184,147
2005,1287,16,8,909,581,1227,499,-318,82
2005,1288,16,14,946,1016,1167,862,-221,154
2005,1290,15,13,959,916,1100,745,-141,171
2005,1291,20,7,1247,518,1492,444,-245,74
2005,1292,12,17,745,1291,846,1082,-101,209
2005,1293,11,15,700,1141,792,932,-92,209
2005,1294,21,4,1239,345,1626,299,-387,46
2005,1296,17,11,1101,815,1237,701,-136,114
2005,1298,18,8,1173,640,1381,568,-208,72
2005,1299,24,6,1503,433,1831,388,-328,45
2005,1301,13,19,854,1509,965,1159,-111,350
2005,1304,14,14,830,1075,979,811,-149,264
2005,1305,6,23,411,1606,462,1351,-51,255
2005,1306,19,8,1175,552,1415,477,-240,75
2005,1307,6,25,383,1969,442,1571,-59,398
2005,1308,24,4,1579,278,1885,249,-306,29
2005,1309,17,12,1084,846,1289,737,-205,109
2005,1310,9,20,746,1724,799,1468,-53,256
2005,1311,21,3,1423,274,1741,221,-318,53
2005,1313,14,13,798,879,970,695,-172,184
2005,1314,4,27,293,2459,321,1857,-28,602
2005,1317,14,12,958,911,1134,820,-176,91
2005,1318,9,21,575,1637,698,1381,-123,256
2005,1319,17,9,1213,737,1369,607,-156,130
2005,1320,10,20,689,1486,757,1247,-68,239
2005,1321,16,15,897,931,1133,790,-236,141
2005,1322,12,17,744,1366,895,1192,-151,174
2005,1323,11,17,712,1166,783,997,-71,169
2005,1324,18,11,1219,821,1432,699,-213,122
2005,1325,10,21,646,1580,735,1372,-89,208
2005,1326,12,20,780,1493,874,1177,-94,316
2005,1328,7,24,500,1838,552,1402,-52,436
2005,1329,6,23,412,1853,449,1461,-37,392
2005,1330,5,27,319,1931,359,1577,-40,354
2005,1331,7,24,486,1893,519,1567,-33,326
2005,1332,13,14,832,1083,981,940,-149,143
2005,1333,14,17,919,1326,1125,1153,-206,173
2005,1334,3,26,186,1914,213,1630,-27,284
2005,1335,8,20,447,1470,566,1137,-119,333
2005,1336,23,6,1361,448,1689,386,-328,62
2005,1337,14,16,951,1289,1098,1137,-147,152
2005,1338,8,20,530,1496,574,1189,-44,307
2005,1339,15,14,947,1049,1109,879,-162,170
2005,1340,9,17,580,1312,698,1101,-118,211
2005,1341,23,5,1278,316,1719,291,-441,25
2005,1343,13,14,657,859,771,717,-114,142
2005,1344,17,13,1189,1040,1343,851,-154,189
2005,1345,21,7,1251,511,1486,420,-235,91
2005,1346,17,9,1173,764,1384,687,-211,77
2005,1347,16,10,954,803,1152,722,-198,81
2005,1348,22,6,1208,412,1420,374,-212,38
2005,1349,11,17,757,1303,867,1079,-110,224
2005,1350,15,14,891,1043,1084,925,-193,118
2005,1351,11,18,743,1412,844,1241,-101,171
2005,1352,15,13,959,952,1174,814,-215,138
2005,1353,19,9,1156,644,1391,561,-235,83
2005,1354,12,19,755,1331,852,1051,-97,280
2005,1356,7,25,433,1707,481,1442,-48,265
2005,1357,23,4,1501,255,1782,227,-281,28
2005,1358,12,14,722,1102,858,921,-136,181
2005,1359,13,13,767,898,880,774,-113,124
2005,1360,13,14,937,1122,1081,961,-144,161
2005,1361,18,9,1188,651,1386,576,-198,75
2005,1362,13,16,831,1169,963,1021,-132,148
2005,1363,23,6,1310,459,1637,425,-327,34
2005,1364,18,11,1014,704,1234,589,-220,115
2005,1365,16,14,1144,1077,1303,906,-159,171
2005,1366,28,,1623,,2274,,-651,
2005,1368,8,19,484,1171,534,986,-50,185
2005,1369,14,11,917,807,1031,674,-114,133
2005,1371,16,12,946,810,1102,683,-156,127
2005,1372,15,9,824,650,976,548,-152,102
2005,1373,24,6,1511,411,1807,383,-296,28
2005,1374,14,13,868,1002,1018,812,-150,190
2005,1375,18,7,1041,473,1245,418,-204,55
2005,1376,13,15,859,1054,945,864,-86,190
2005,1378,16,13,966,1000,1123,821,-157,179
2005,1379,17,8,1055,601,1293,521,-238,80
2005,1380,15,12,938,789,1081,704,-143,85
2005,1381,15,11,944,847,1177,751,-233,96
2005,1382,26,2,1568,150,2038,130,-470,20
2005,1383,15,13,933,1028,1058,906,-125,122
2005,1384,13,14,824,1053,1005,926,-181,127
2005,1385,18,9,1116,622,1271,533,-155,89
2005,1386,11,19,631,1302,768,1019,-137,283
2005,1387,21,9,1129,564,1345,479,-216,85
2005,1388,8,23,503,1666,589,1434,-86,232
2005,1389,13,15,1013,1187,1115,1048,-102,139
2005,1390,12,18,779,1324,905,1136,-126,188
2005,1391,17,9,1091,637,1339,564,-248,73
2005,1392,17,12,1009,784,1216,691,-207,93
2005,1393,6,27,389,2102,445,1692,-56,410
2005,1394,8,16,513,1211,634,954,-121,257
2005,1395,13,18,841,1337,1004,1102,-163,235
2005,1396,13,16,797,1067,911,872,-114,195
2005,1397,17,14,1085,1053,1284,851,-199,202
2005,1398,16,12,1072,1002,1306,859,-234,143
2005,1399,11,15,729,1147,837,983,-108,164
2005,1400,10,19,707,1536,803,1198,-96,338
2005,1401,9,17,526,1383,629,1053,-103,330
2005,1402,14,10,887,718,1065,628,-178,90
2005,1403,10,20,640,1686,796,1291,-156,395
2005,1404,21,4,1372,271,1685,256,-313,15
2005,1405,13,15,846,1119,954,965,-108,154
2005,1406,24,5,1407,396,1704,331,-297,65
2005,1407,18,11,1249,884,1493,767,-244,117
2005,1408,18,9,1116,675,1407,582,-291,93
2005,1409,20,9,1376,694,1565,531,-189,163
2005,1410,16,8,977,619,1244,539,-267,80
2005,1411,15,10,942,688,1089,630,-147,58
2005,1412,10,21,728,1684,796,1422,-68,262
2005,1413,17,10,1033,783,1292,665,-259,118
2005,1414,13,15,750,1135,941,952,-191,183
2005,1415,19,8,1096,547,1323,493,-227,54
2005,1416,8,21,529,1451,593,1295,-64,156
2005,1417,10,18,676,1396,772,1228,-96,168
2005,1418,10,19,663,1435,798,1180,-135,255
2005,1419,19,5,1152,351,1412,300,-260,51
2005,1420,18,10,1020,673,1259,607,-239,66
2005,1421,17,9,1116,708,1377,620,-261,88
2005,1422,12,15,752,1132,991,1008,-239,124
2005,1423,10,19,641,1245,726,1114,-85,131
2005,1424,13,15,848,1177,968,1042,-120,135
2005,1425,17,12,1144,1015,1358,870,-214,145
2005,1426,15,9,944,706,1157,616,-213,90
2005,1427,13,12,906,981,1028,870,-122,111
2005,1428,5,25,288,1733,341,1367,-53,366
2005,1429,7,24,429,1833,459,1323,-30,510
2005,1430,12,14,725,1010,916,824,-191,186
2005,1431,7,25,427,1994,486,1642,-59,352
2005,1433,12,19,771,1407,859,1191,-88,216
2005,1434,16,15,1057,1121,1261,1004,-204,117
2005,1435,13,18,826,1394,975,1029,-149,365
2005,1436,6,24,375,1803,450,1408,-75,395
2005,1437,7,22,481,1658,513,1304,-32,354
2005,1438,15,14,1077,1035,1295,908,-218,127
2005,1439,13,15,818,1116,1001,927,-183,189
2005,1440,18,7,1107,493,1351,439,-244,54
2005,1441,22,5,1442,357,1753,326,-311,31
2005,1442,17,9,1067,651,1252,562,-185,89
2005,1443,8,20,571,1559,613,1357,-42,202
2005,1444,12,18,863,1326,954,1080,-91,246
2005,1447,17,13,986,876,1205,745,-219,131
2005,1448,5,26,414,2212,467,1809,-53,403
2005,1449,5,26,395,2278,452,1824,-57,454
2005,1450,16,12,866,700,1007,587,-141,113
2005,1451,16,13,978,910,1176,770,-198,140
2005,1452,10,21,565,1612,689,1348,-124,264
2005,1453,11,16,654,1157,863,998,-209,159
2005,1454,5,22,310,1685,363,1367,-53,318
2005,1455,9,20,563,1505,624,1293,-61,212
2005,1456,21,8,1277,603,1648,481,-371,122
2005,1457,5,24,289,1647,351,1361,-62,286
2005,1458,8,22,457,1558,548,1241,-91,317
2005,1459,14,10,901,786,1044,707,-143,79
2005,1460,15,15,878,1040,1057,881,-179,159
2005,1461,13,15,877,1109,1008,978,-131,131
2005,1462,12,17,771,1262,842,1044,-71,218
2005,1463,16,11,1024,807,1210,692,-186,115
2005,1464,23,3,1324,209,1706,183,-382,26
2006,1102,6,22,348,1430,385,1143,-37,287
2006,1103,9,21,600,1544,706,1278,-106,266
2006,1104,12,17,760,1269,867,1080,-107,189
2006,1105,12,11,790,911,906,765,-116,146
2006,1106,18,12,1108,877,1326,791,-218,86
2006,1107,10,21,628,1507,730,1263,-102,244
2006,1108,20,8,1231,617,1497,549,-266,68
2006,1110,17,12,992,858,1248,723,-256,135
2006,1111,16,12,1045,863,1218,769,-173,94
2006,1112,12,19,822,1439,918,1192,-96,247
2006,1113,17,11,1076,802,1288,670,-212,132
2006,1114,15,13,889,905,1072,765,-183,140
2006,1115,16,11,915,741,1082,619,-167,122
2006,1116,9,22,624,1680,665,1352,-41,328
2006,1117,18,10,1250,763,1466,660,-216,103
2006,1119,22,3,1162,200,1529,188,-367,12
2006,1120,16,12,979,857,1188,708,-209,149
2006,1122,14,17,928,1300,1106,1103,-178,197
2006,1123,18,8,1084,542,1247,455,-163,87
2006,1124,13,4,744,330,960,273,-216,57
2006,1125,10,20,714,1741,803,1475,-89,266
2006,1126,15,15,872,1090,1102,955,-230,135
2006,1127,13,16,761,1051,901,882,-140,169
2006,1128,9,17,534,1206,679,1001,-145,205
2006,1129,15,13,1022,991,1130,873,-108,118
2006,1130,7,25,474,1911,521,1619,-47,292
2006,1131,16,12,849,801,984,685,-135,116
2006,1132,21,7,1324,488,1606,436,-282,52
2006,1133,10,20,650,1496,737,1192,-87,304
2006,1135,17,10,914,699,1119,621,-205,78
2006,1137,4,25,239,1684,305,1309,-66,375
2006,1138,13,18,909,1312,1052,1134,-143,178
2006,1139,12,19,801,1337,892,1021,-91,316
2006,1140,8,19,541,1536,646,1309,-105,227
2006,1141,24,3,1367,225,1700,199,-333,26
2006,1142,19,8,1199,549,1434,476,-235,73
2006,1143,10,20,602,1474,687,1255,-85,219
2006,1144,18,10,1454,865,1645,763,-191,102
2006,1145,20,9,1341,709,1558,615,-217,94
2006,1147,23,3,1491,221,1818,201,-327,20
2006,1148,11,18,735,1367,825,1143,-90,224
2006,1149,15,10,930,753,1134,652,-204,101
2006,1150,12,18,754,1323,857,1142,-103,181
2006,1151,13,15,826,1115,1021,985,-195,130
2006,1152,19,11,1228,832,1459,753,-231,79
2006,1153,12,18,775,1447,904,1185,-129,262
2006,1154,21,6,1246,442,1646,395,-400,47
2006,1155,12,17,782,1358,880,1105,-98,253
2006,1156,18,8,1127,516,1388,457,-261,59
2006,1157,10,16,605,1195,756,1010,-151,185
2006,1158,11,15,756,1103,842,930,-86,173
2006,1159,19,9,1020,598,1240,503,-220,95
2006,1160,9,20,590,1654,730,1298,-140,356
2006,1161,15,14,1044,1061,1155,928,-111,133
2006,1162,16,10,993,654,1168,609,-175,45
2006,1163,3,27,227,2213,249,1714,-22,499
2006,1164,18,12,1068,851,1308,756,-240,95
2006,1165,15,12,863,821,1063,661,-200,160
2006,1166,9,19,517,1342,592,1120,-75,222
2006,1168,13,15,970,1226,1081,1050,-111,176
2006,1169,17,10,1120,749,1358,659,-238,90
2006,1170,15,13,1061,1048,1185,931,-124,117
2006,1171,21,6,1234,398,1472,343,-238,55
2006,1172,10,17,680,1361,789,1106,-109,255
2006,1173,17,13,998,903,1153,717,-155,186
2006,1174,21,9,1316,667,1557,569,-241,98
2006,1175,13,20,654,1248,801,1086,-147,162
2006,1176,15,16,935,1125,1076,969,-141,156
2006,1177,15,12,886,866,1066,746,-180,120
2006,1178,16,14,894,1004,1067,904,-173,100
2006,1179,19,10,1221,731,1395,641,-174,90
2006,1180,16,15,986,944,1088,763,-102,181
2006,1181,3,30,234,2489,249,2027,-15,462
2006,1182,24,3,1537,249,1890,201,-353,48
2006,1183,21,6,1191,408,1473,361,-282,47
2006,1184,16,13,1061,956,1305,823,-244,133
2006,1185,21,7,1342,493,1581,435,-239,58
2006,1186,15,14,1037,1097,1251,907,-214,190
2006,1187,20,6,1154,426,1368,378,-214,48
2006,1189,14,12,834,857,1017,779,-183,78
2006,1190,13,15,941,1343,1062,1116,-121,227
2006,1191,19,10,1197,698,1422,636,-225,62
2006,1192,11,19,754,1450,881,1254,-127,196
2006,1193,19,9,1291,727,1510,681,-219,46
2006,1194,13,15,831,1224,966,1071,-135,153
2006,1196,6,27,435,2181,462,1676,-27,505
2006,1197,17,13,1017,981,1305,858,-288,123
2006,1198,20,7,1199,456,1479,407,-280,49
2006,1199,9,19,653,1514,723,1222,-70,292
2006,1200,16,16,981,1187,1161,996,-180,191
2006,1201,13,15,840,1227,979,1084,-139,143
2006,1202,13,12,838,893,987,752,-149,141
2006,1203,2,26,111,2100,147,1720,-36,380
2006,1204,9,18,568,1495,721,1251,-153,244
2006,1205,12,17,747,1255,924,1149,-177,106
2006,1206,7,23,422,1660,476,1289,-54,371
2006,1207,9,21,522,1478,590,1196,-68,282
2006,1208,15,15,959,1151,1138,990,-179,161
2006,1209,22,7,1339,549,1640,428,-301,121
2006,1210,17,11,1173,839,1336,683,-163,156
2006,1211,3,27,230,2173,247,1927,-17,246
2006,1212,13,12,811,852,959,800,-148,52
2006,1214,15,16,891,1180,1039,939,-148,241
2006,1216,15,12,938,871,1040,786,-102,85
2006,1217,14,13,881,926,1069,775,-188,151
2006,1218,11,17,654,1239,720,1083,-66,156
2006,1219,13,14,862,1112,1048,943,-186,169
2006,1220,6,24,413,1791,494,1524,-81,267
2006,1221,12,20,667,1457,815,1120,-148,337
2006,1222,9,19,572,1406,636,1190,-64,216
2006,1224,22,7,1364,519,1609,440,-245,79
2006,1225,25,3,1452,223,1839,192,-387,31
2006,1226,14,11,1040,877,1170,781,-130,96
2006,1227,14,16,887,1170,1048,1048,-161,122
2006,1228,6,25,346,1823,393,1408,-47,415
2006,1229,19,8,999,501,1209,395,-210,106
2006,1231,11,18,687,1377,791,1120,-104,257
2006,1232,16,12,956,824,1182,745,-226,79
2006,1233,7,23,497,1914,556,1602,-59,312
2006,1234,8,25,457,1734,554,1385,-97,349
2006,1235,14,15,1021,1198,1142,1015,-121,183
2006,1236,18,8,1099,532,1359,466,-260,66
2006,1237,10,17,614,1252,718,1091,-104,161
2006,1238,17,14,1151,1068,1369,921,-218,147
2006,1239,26,1,1895,88,2254,71,-359,17
2006,1240,13,15,926,1197,1074,1049,-148,148
2006,1241,23,5,1419,384,1835,341,-416,43
2006,1242,7,24,446,1859,496,1397,-50,462
2006,1243,13,15,823,1088,895,893,-72,195
2006,1244,15,11,975,852,1224,760,-249,92
2006,1245,8,24,469,1837,531,1553,-62,284
2006,1246,12,21,777,1548,896,1269,-119,279
2006,1247,10,18,619,1322,735,1098,-116,224
2006,1248,17,9,1040,662,1339,554,-299,108
2006,1249,13,14,914,1202,1076,1021,-162,181
2006,1250,12,17,656,1122,802,948,-146,174
2006,1251,23,4,1362,307,1725,284,-363,23
2006,1252,10,21,649,1607,751,1321,-102,286
2006,1253,12,17,912,1478,1036,1297,-124,181
2006,1254,16,11,1050,801,1243,721,-193,80
2006,1255,20,8,1376,638,1660,580,-284,58
2006,1256,12,19,687,1350,792,1164,-105,186
2006,1257,12,18,762,1332,859,1081,-97,251
2006,1258,18,12,1215,963,1405,833,-190,130
2006,1259,13,15,954,1198,1115,1073,-161,125
2006,1260,11,17,692,1303,825,1143,-133,160
2006,1261,8,22,536,1707,577,1380,-41,327
2006,1263,16,10,954,692,1218,596,-264,96
2006,1264,10,18,687,1460,800,1307,-113,153
2006,1265,10,19,743,1487,814,1287,-71,200
2006,1266,10,19,693,1459,775,1245,-82,214
2006,1267,16,12,1000,845,1179,757,-179,88
2006,1268,12,18,821,1502,973,1223,-152,279
2006,1269,15,13,898,918,1059,726,-161,192
2006,1270,14,11,964,806,1128,717,-164,89
2006,1271,22,7,1392,490,1705,462,-313,28
2006,1272,3,30,199,2471,219,1955,-20,516
2006,1273,19,9,1323,735,1596,660,-273,75
2006,1274,15,16,926,1202,1091,940,-165,262
2006,1275,10,18,576,1194,663,1027,-87,167
2006,1276,10,18,666,1331,771,1091,-105,240
2006,1277,11,21,712,1654,827,1365,-115,289
2006,1278,14,15,836,1075,987,882,-151,193
2006,1279,16,14,912,1039,1178,853,-266,186
2006,1280,15,15,922,1121,1120,938,-198,183
2006,1281,16,12,979,877,1206,766,-227,111
2006,1282,14,13,873,1027,1088,942,-215,85
2006,1283,8,20,494,1615,587,1272,-93,343
2006,1284,14,18,851,1224,983,1065,-132,159
2006,1285,6,21,452,1658,511,1415,-59,243
2006,1286,14,13,935,1036,1078,933,-143,103
2006,1287,23,3,1356,200,1763,180,-407,20
2006,1288,26,4,1356,290,1959,272,-603,18
2006,1290,18,9,1023,617,1312,568,-289,49
2006,1291,17,13,1041,898,1219,776,-178,122
2006,1292,12,15,752,1133,904,988,-152,145
2006,1293,6,23,351,1711,390,1391,-39,320
2006,1294,24,3,1502,241,1851,180,-349,61
2006,1295,12,12,773,906,882,743,-109,163
2006,1296,11,16,713,1191,803,1030,-90,161
2006,1298,18,8,1091,616,1344,518,-253,98
2006,1299,23,6,1389,401,1702,362,-313,39
2006,1301,9,21,589,1682,689,1341,-100,341
2006,1304,13,19,782,1357,974,1133,-192,224
2006,1305,5,26,335,1904,375,1584,-40,320
2006,1306,17,12,906,814,1145,728,-239,86
2006,1307,13,17,803,1136,904,969,-101,167
2006,1308,14,15,919,1104,1039,1005,-120,99
2006,1309,19,8,1169,547,1400,495,-231,52
2006,1310,18,11,1239,899,1419,795,-180,104
2006,1311,18,8,1157,638,1505,579,-348,59
2006,1313,18,13,1000,918,1251,767,-251,151
2006,1314,7,22,500,1831,548,1450,-48,381
2006,1316,22,4,1449,338,1694,292,-245,46
2006,1317,14,11,939,908,1108,794,-169,114
2006,1318,11,18,688,1463,823,1227,-135,236
2006,1319,10,18,612,1486,739,1307,-127,179
2006,1320,9,21,491,1472,553,1206,-62,266
2006,1321,15,13,805,822,974,687,-169,135
2006,1322,7,22,477,1720,518,1500,-41,220
2006,1323,13,15,943,1185,999,966,-56,219
2006,1324,18,9,1233,717,1461,632,-228,85
2006,1325,11,18,644,1360,793,1085,-149,275
2006,1326,5,25,333,1908,355,1550,-22,358
2006,1328,8,20,513,1408,591,1174,-78,234
2006,1329,15,17,935,1328,1059,1050,-124,278
2006,1330,9,21,553,1573,649,1276,-96,297
2006,1331,11,20,752,1552,859,1243,-107,309
2006,1332,18,14,1148,1067,1287,814,-139,253
2006,1333,18,13,1127,916,1375,795,-248,121
2006,1334,7,22,459,1679,528,1316,-69,363
2006,1335,8,19,443,1420,506,1116,-63,304
2006,1336,14,15,861,1089,1074,888,-213,201
2006,1337,20,7,1258,523,1517,456,-259,67
2006,1338,7,24,450,1796,477,1469,-27,327
2006,1339,17,11,1045,883,1295,777,-250,106
2006,1340,16,10,1087,761,1256,623,-169,138
2006,1341,24,3,1540,218,1998,183,-458,35
2006,1343,14,12,605,751,807,642,-202,109
2006,1344,15,12,1061,959,1198,818,-137,141
2006,1345,19,9,1140,671,1421,564,-281,107
2006,1346,16,11,1146,807,1297,718,-151,89
2006,1347,13,14,843,1122,1021,964,-178,158
2006,1348,14,14,841,938,1003,820,-162,118
2006,1349,16,10,1015,702,1201,633,-186,69
2006,1350,17,13,757,805,1042,693,-285,112
2006,1351,20,8,1376,605,1621,531,-245,74
2006,1352,14,13,898,1029,1047,928,-149,101
2006,1353,13,17,843,1198,990,956,-147,242
2006,1354,16,14,902,907,1140,776,-238,131
2006,1355,20,8,1218,548,1587,498,-369,50
2006,1356,9,22,525,1359,602,1126,-77,233
2006,1357,17,11,1093,760,1228,674,-135,86
2006,1358,9,18,579,1362,688,1250,-109,112
2006,1359,11,18,609,1240,759,1003,-150,237
2006,1360,12,17,872,1380,968,1169,-96,211
2006,1361,8,22,538,1680,610,1394,-72,286
2006,1362,17,11,1123,812,1274,728,-151,84
2006,1363,25,6,1584,431,1835,348,-251,83
2006,1364,14,14,839,1024,1001,848,-162,176
2006,1365,16,11,1013,788,1182,698,-169,90
2006,1366,26,1,1415,70,2166,69,-751,1
2006,1368,11,13,670,937,745,833,-75,104
2006,1369,20,5,1223,348,1449,311,-226,37
2006,1371,11,18,643,1324,806,1121,-163,203
2006,1372,12,14,797,1033,870,866,-73,167
2006,1373,13,15,901,1183,1016,1024,-115,159
2006,1374,16,12,948,888,1083,706,-135,182
2006,1375,6,23,397,1752,452,1459,-55,293
2006,1376,15,17,925,1223,1034,973,-109,250
2006,1378,22,7,1248,488,1467,398,-219,90
2006,1379,21,7,1129,512,1464,451,-335,61
2006,1380,12,19,690,1349,868,1132,-178,217
2006,1381,20,9,1273,700,1510,564,-237,136
2006,1382,19,8,1245,594,1490,493,-245,101
2006,1383,17,10,1068,653,1232,580,-164,73
2006,1384,24,3,1414,191,1747,170,-333,21
2006,1385,15,12,867,752,1043,587,-176,165
2006,1386,13,18,843,1193,946,949,-103,244
2006,1387,13,16,729,1020,860,869,-131,151
2006,1388,12,16,757,1199,841,1039,-84,160
2006,1389,15,17,1057,1328,1223,1184,-166,144
2006,1390,13,15,837,1023,977,858,-140,165
2006,1391,18,14,1134,995,1350,868,-216,127
2006,1392,24,4,1372,257,1699,228,-327,29
2006,1393,11,23,731,1746,888,1458,-157,288
2006,1394,8,16,584,1295,655,974,-71,321
2006,1395,24,6,1420,450,1707,391,-287,59
2006,1396,14,17,752,1179,929,898,-177,281
2006,1397,7,21,523,1754,589,1474,-66,280
2006,1398,15,12,956,918,1095,793,-139,125
2006,1399,12,17,756,1306,936,1151,-180,155
2006,1400,6,27,387,2125,481,1502,-94,623
2006,1401,8,21,507,1500,556,1197,-49,303
2006,1402,22,2,1355,143,1675,125,-320,18
2006,1403,17,15,1019,1168,1273,922,-254,246
2006,1404,15,11,1011,856,1183,752,-172,104
2006,1405,11,19,675,1409,759,1166,-84,243
2006,1406,16,12,1022,930,1257,842,-235,88
2006,1407,15,11,1001,872,1134,717,-133,155
2006,1408,16,11,958,705,1218,574,-260,131
2006,1409,17,10,983,675,1184,598,-201,77
2006,1410,24,3,1377,213,1822,182,-445,31
2006,1411,22,6,1387,470,1787,398,-400,72
2006,1412,6,23,359,1785,426,1471,-67,314
2006,1413,20,7,1254,508,1540,449,-286,59
2006,1414,11,16,727,1187,824,971,-97,216
2006,1415,22,5,1369,405,1730,370,-361,35
2006,1416,15,12,891,791,1066,648,-175,143
2006,1417,6,27,397,1866,426,1525,-29,341
2006,1418,16,13,1022,914,1194,797,-172,117
2006,1419,18,7,1036,534,1346,458,-310,76
2006,1420,19,10,1149,791,1342,691,-193,100
2006,1421,18,8,1087,638,1428,564,-341,74
2006,1422,19,10,1266,685,1528,596,-262,89
2006,1423,7,25,459,1706,515,1372,-56,334
2006,1424,13,17,799,1285,911,1083,-112,202
2006,1425,13,16,796,1202,936,1020,-140,182
2006,1426,16,10,1086,770,1240,654,-154,116
2006,1427,17,9,1178,722,1363,599,-185,123
2006,1428,15,13,874,937,1058,756,-184,181
2006,1429,8,22,563,1581,616,1314,-53,267
2006,1430,13,14,791,983,919,839,-128,144
2006,1431,9,18,539,1208,605,985,-66,223
2006,1433,10,19,596,1368,674,1137,-78,231
2006,1434,12,16,833,1340,977,1120,-144,220
2006,1435,12,17,813,1222,923,1009,-110,213
2006,1436,17,13,1048,888,1195,749,-147,139
2006,1437,4,25,271,1916,306,1544,-35,372
2006,1438,14,15,893,1096,1090,877,-197,219
2006,1439,16,14,1041,1019,1129,826,-88,193
2006,1440,20,4,1318,324,1584,286,-266,38
2006,1441,17,10,1016,750,1238,628,-222,122
2006,1442,21,5,1350,338,1606,303,-256,35
2006,1443,7,22,490,1776,575,1500,-85,276
2006,1444,17,13,1020,868,1281,784,-261,84
2006,1447,14,12,856,870,999,755,-143,115
2006,1448,16,17,1138,1286,1285,1081,-147,205
2006,1449,6,24,439,2033,482,1601,-43,432
2006,1450,17,11,890,739,1052,564,-162,175
2006,1451,17,8,1055,575,1240,519,-185,56
2006,1452,10,19,643,1406,700,1186,-57,220
2006,1453,16,14,957,1005,1190,878,-233,127
2006,1454,8,20,527,1532,597,1244,-70,288
2006,1455,8,23,458,1660,526,1382,-68,278
2006,1456,20,8,1144,671,1391,553,-247,118
2006,1457,7,21,414,1621,471,1237,-57,384
2006,1458,11,19,679,1451,780,1161,-101,290
2006,1459,18,7,1107,522,1311,441,-204,81
2006,1460,15,12,847,845,1014,737,-167,108
2006,1461,18,13,1138,908,1279,804,-141,104
2006,1462,10,21,632,1583,694,1257,-62,326
2006,1463,14,15,822,1117,1011,970,-189,147
2006,1464,21,6,1358,455,1568,387,-210,68
2007,1102,8,22,464,1591,539,1168,-75,423
2007,1103,7,25,481,1907,502,1477,-21,430
2007,1104,11,20,746,1536,901,1233,-155,303
2007,1105,20,6,1118,443,1423,386,-305,57
2007,1106,20,9,1157,589,1409,521,-252,68
2007,1107,9,23,607,1577,708,1355,-101,222
2007,1108,19,10,1187,727,1504,678,-317,49
2007,1110,14,16,822,1123,939,926,-117,197
2007,1111,7,22,462,1707,545,1434,-83,273
2007,1112,10,20,703,1651,796,1379,-93,272
2007,1113,22,7,1256,430,1433,368,-177,62
2007,1114,17,12,1014,882,1226,795,-212,87
2007,1115,19,10,1065,636,1321,564,-256,72
2007,1116,13,21,852,1575,987,1247,-135,328
2007,1117,15,16,1019,1200,1200,1050,-181,150
2007,1119,16,13,868,835,1086,724,-218,111
2007,1120,15,16,990,1271,1174,1075,-184,196
2007,1122,11,19,707,1390,842,1180,-135,210
2007,1123,22,9,1228,620,1472,502,-244,118
2007,1124,16,14,1063,1180,1245,952,-182,228
2007,1125,9,22,556,1696,651,1343,-95,353
2007,1126,21,7,1116,368,1446,348,-330,20
2007,1127,16,13,987,918,1135,783,-148,135
2007,1129,14,16,1012,1247,1130,1039,-118,208
2007,1130,11,20,721,1593,860,1306,-139,287
2007,1131,18,12,1017,785,1149,652,-132,133
2007,1132,18,11,1121,794,1312,727,-191,67
2007,1133,12,20,780,1600,913,1325,-133,275
2007,1135,18,11,1014,745,1191,649,-177,96
2007,1137,9,22,527,1438,585,1206,-58,232
2007,1138,19,12,1226,883,1439,787,-213,96
2007,1139,6,25,386,1731,425,1340,-39,391
2007,1140,8,24,572,1903,653,1575,-81,328
2007,1141,18,13,1119,916,1349,833,-230,83
2007,1142,11,17,756,1337,888,1138,-132,199
2007,1143,17,16,1121,1172,1312,969,-191,203
2007,1144,17,12,1200,1020,1440,875,-240,145
2007,1145,19,12,1281,873,1483,766,-202,107
2007,1146,20,6,1239,407,1431,360,-192,47
2007,1147,21,10,1348,777,1639,689,-291,88
2007,1148,11,22,642,1645,764,1405,-122,240
2007,1149,22,4,1347,326,1690,290,-343,36
2007,1150,16,14,1005,1096,1228,923,-223,173
2007,1151,18,12,1113,852,1334,724,-221,128
2007,1152,20,7,1304,585,1567,535,-263,50
2007,1153,19,11,1156,781,1381,651,-225,130
2007,1154,23,4,1232,253,1625,239,-393,14
2007,1155,10,21,650,1618,727,1298,-77,320
2007,1156,21,7,1250,479,1524,426,-274,53
2007,1157,15,11,985,890,1145,770,-160,120
2007,1158,11,22,702,1588,815,1351,-113,237
2007,1159,19,9,993,577,1217,520,-224,57
2007,1160,20,7,1309,558,1656,507,-347,51
2007,1161,13,15,876,1152,999,1008,-123,144
2007,1162,12,15,639,1116,814,937,-175,179
2007,1163,14,17,869,1312,1007,931,-138,381
2007,1164,20,12,1162,810,1548,710,-386,100
2007,1165,12,15,772,1004,871,874,-99,130
2007,1166,10,22,578,1571,654,1280,-76,291
2007,1168,10,18,741,1515,868,1302,-127,213
2007,1169,17,12,1131,977,1323,867,-192,110
2007,1170,19,8,1298,694,1648,602,-350,92
2007,1171,18,9,1026,565,1314,502,-288,63
2007,1172,4,27,264,2216,315,1815,-51,401
2007,1173,12,19,750,1325,910,1141,-160,184
2007,1174,26,5,1518,356,1856,308,-338,48
2007,1175,12,20,606,1285,774,1097,-168,188
2007,1176,25,4,1540,315,1908,286,-368,29
2007,1177,13,17,754,1249,893,997,-139,252
2007,1178,19,11,1135,778,1346,656,-211,122
2007,1179,15,16,1041,1253,1212,1111,-171,142
2007,1180,8,22,463,1535,556,1283,-93,252
2007,1181,10,22,687,1559,759,1209,-72,350
2007,1182,19,10,1366,905,1603,847,-237,58
2007,1183,20,9,1124,644,1369,570,-245,74
2007,1184,11,19,642,1318,779,1126,-137,192
2007,1185,19,13,1156,883,1413,794,-257,89
2007,1186,14,12,1117,1045,1269,909,-152,136
2007,1187,24,3,1326,237,1665,209,-339,28
2007,1189,23,5,1350,364,1659,328,-309,36
2007,1190,9,22,585,1681,723,1410,-138,271
2007,1191,17,14,1145,986,1309,804,-164,182
2007,1192,16,13,1083,1024,1230,965,-147,59
2007,1193,19,13,1125,871,1286,784,-161,87
2007,1194,15,15,1034,1193,1298,1061,-264,132
2007,1196,5,29,348,2349,387,1706,-39,643
2007,1197,13,18,829,1309,1040,1141,-211,168
2007,1198,17,10,1068,690,1303,641,-235,49
2007,1199,12,20,783,1589,915,1286,-132,303
2007,1200,12,18,696,1268,824,1101,-128,167
2007,1201,9,22,555,1650,649,1381,-94,269
2007,1202,16,13,1018,938,1193,825,-175,113
2007,1203,8,23,504,1699,613,1377,-109,322
2007,1204,16,13,1011,943,1200,781,-189,162
2007,1205,21,8,1270,562,1649,461,-379,101
2007,1206,15,18,863,1227,995,956,-132,271
2007,1207,6,26,343,1848,395,1425,-52,423
2007,1208,13,17,811,1421,945,1099,-134,322
2007,1209,20,11,1212,781,1539,687,-327,94
2007,1210,11,20,802,1650,901,1254,-99,396
2007,1211,10,23,722,1889,812,1501,-90,388
2007,1212,14,10,782,750,1034,659,-252,91
2007,1214,16,15,1025,1088,1187,941,-162,147
2007,1216,18,13,1114,811,1304,725,-190,86
2007,1217,16,12,1096,929,1312,856,-216,73
2007,1218,13,18,844,1401,924,1138,-80,263
2007,1219,10,18,655,1401,775,1190,-120,211
2007,1220,9,21,670,1523,743,1341,-73,182
2007,1221,8,25,446,1674,513,1380,-67,294
2007,1222,15,18,1021,1394,1172,1156,-151,238
2007,1224,22,9,1305,704,1568,664,-263,40
2007,1225,27,4,1635,272,2050,257,-415,15
2007,1226,17,12,1061,876,1240,711,-179,165
2007,1227,18,13,1173,976,1362,835,-189,141
2007,1228,11,23,625,1568,730,1213,-105,355
2007,1229,16,14,961,1022,1122,828,-161,194
2007,1231,10,20,580,1547,642,1223,-62,324
2007,1232,18,12,1002,840,1234,748,-232,92
2007,1233,28,2,1637,121,1989,107,-352,14
2007,1234,14,17,844,1277,1016,1019,-172,258
2007,1235,16,14,950,932,1163,803,-213,129
2007,1236,17,9,999,699,1272,606,-273,93
2007,1237,15,13,938,961,1112,796,-174,165
2007,1238,13,20,864,1480,1063,1323,-199,157
2007,1239,14,13,940,1019,1151,905,-211,114
2007,1240,20,8,1277,569,1469,529,-192,40
2007,1241,23,7,1420,499,1723,455,-303,44
2007,1242,4,30,258,2409,280,1795,-22,614
2007,1243,11,22,694,1649,840,1311,-146,338
2007,1244,18,12,1163,875,1382,733,-219,142
2007,1245,11,20,707,1418,801,1150,-94,268
2007,1246,11,21,756,1597,839,1317,-83,280
2007,1247,20,10,1366,784,1581,660,-215,124
2007,1248,21,7,1273,504,1620,456,-347,48
2007,1249,17,13,1142,1042,1376,914,-234,128
2007,1250,19,10,1139,663,1317,595,-178,68
2007,1251,17,11,1121,946,1320,803,-199,143
2007,1252,13,16,836,1115,949,933,-113,182
2007,1253,7,23,481,1935,581,1636,-100,299
2007,1254,19,9,1232,669,1462,606,-230,63
2007,1255,22,7,1327,526,1691,492,-364,34
2007,1256,20,10,1173,749,1437,644,-264,105
2007,1257,9,22,550,1660,620,1330,-70,330
2007,1258,18,11,1083,795,1351,744,-268,51
2007,1259,13,18,835,1378,928,1220,-93,158
2007,1260,11,19,703,1362,798,1161,-95,201
2007,1261,15,17,946,1231,1070,937,-124,294
2007,1263,18,10,1099,690,1308,614,-209,76
2007,1264,17,13,1068,910,1231,845,-163,65
2007,1265,8,24,553,1866,624,1580,-71,286
2007,1266,9,23,579,1739,661,1419,-82,320
2007,1267,19,13,1252,860,1449,798,-197,62
2007,1268,8,24,555,1989,619,1544,-64,445
2007,1269,8,23,589,1796,653,1440,-64,356
2007,1270,17,13,997,865,1259,782,-262,83
2007,1271,27,3,1591,201,2047,167,-456,34
2007,1272,3,30,214,2412,247,1810,-33,602
2007,1273,17,11,1106,903,1388,796,-282,107
2007,1274,20,12,1330,949,1570,762,-240,187
2007,1275,14,18,719,1187,839,998,-120,189
2007,1276,12,21,679,1436,842,1129,-163,307
2007,1277,11,22,598,1550,699,1172,-101,378
2007,1278,22,9,1275,605,1536,517,-261,88
2007,1279,12,20,761,1584,897,1311,-136,273
2007,1280,13,18,892,1469,980,1149,-88,320
2007,1281,12,18,869,1459,982,1174,-113,285
2007,1282,19,11,1214,909,1467,795,-253,114
2007,1283,10,21,604,1677,684,1336,-80,341
2007,1284,18,12,1125,813,1322,706,-197,107
2007,1285,15,15,997,1138,1131,990,-134,148
2007,1286,19,9,1200,659,1481,569,-281,90
2007,1287,18,10,1068,698,1229,610,-161,88
2007,1288,18,13,1168,940,1376,803,-208,137
2007,1290,15,18,840,1173,1058,991,-218,182
2007,1291,20,11,1183,839,1388,732,-205,107
2007,1292,17,14,994,941,1183,810,-189,131
2007,1293,13,14,794,980,926,866,-132,114
2007,1294,23,3,1480,246,1757,226,-277,20
2007,1295,8,16,544,1250,592,976,-48,274
2007,1296,23,6,1452,472,1675,418,-223,54
2007,1298,16,12,847,859,1074,730,-227,129
2007,1299,17,13,1112,1047,1269,924,-157,123
2007,1301,15,18,971,1411,1179,1206,-208,205
2007,1304,14,15,802,1129,981,904,-179,225
2007,1305,4,27,276,2132,296,1789,-20,343
2007,1306,19,10,1019,674,1275,597,-256,77
2007,1307,17,14,1139,1180,1321,970,-182,210
2007,1308,8,24,558,1927,604,1703,-46,224
2007,1309,17,13,1164,1030,1335,926,-171,104
2007,1310,11,22,738,1772,866,1567,-128,205
2007,1311,22,7,1505,563,1855,509,-350,54
2007,1312,24,5,1334,323,1749,298,-415,25
2007,1313,19,11,1195,775,1542,693,-347,82
2007,1314,6,28,485,2448,513,1803,-28,645
2007,1316,26,1,1371,73,1784,64,-413,9
2007,1317,10,20,716,1571,787,1377,-71,194
2007,1318,19,13,1077,913,1365,762,-288,151
2007,1319,12,16,875,1424,1050,1239,-175,185
2007,1320,13,17,752,1205,856,1030,-104,175
2007,1321,18,11,953,694,1165,562,-212,132
2007,1322,15,16,1124,1315,1264,1156,-140,159
2007,1323,7,24,483,2045,530,1572,-47,473
2007,1324,14,18,875,1343,1041,1156,-166,187
2007,1325,13,18,843,1397,979,1197,-136,200
2007,1326,3,30,218,2212,256,1729,-38,483
2007,1328,15,15,886,1114,1029,762,-143,352
2007,1329,12,21,760,1673,912,1406,-152,267
2007,1330,8,24,522,1722,602,1387,-80,335
2007,1331,10,22,645,1650,719,1376,-74,274
2007,1332,7,26,488,2033,541,1635,-53,398
2007,1333,21,10,1225,732,1564,600,-339,132
2007,1334,19,11,1237,814,1451,706,-214,108
2007,1335,8,21,566,1582,680,1278,-114,304
2007,1336,19,11,1139,823,1362,676,-223,147
2007,1337,22,8,1637,676,1882,615,-245,61
2007,1338,7,27,457,1962,528,1595,-71,367
2007,1339,23,8,1337,547,1684,481,-347,66
2007,1340,13,17,931,1370,1117,1158,-186,212
2007,1341,22,6,1274,375,1674,348,-400,27
2007,1343,17,11,786,624,969,524,-183,100
2007,1344,12,18,792,1487,921,1213,-129,274
2007,1345,11,21,659,1578,808,1209,-149,369
2007,1346,15,13,1022,973,1147,893,-125,80
2007,1347,22,6,1439,486,1715,415,-276,71
2007,1348,14,17,993,1355,1172,1200,-179,155
2007,1349,16,14,1013,1011,1223,894,-210,117
2007,1350,22,8,1257,560,1542,504,-285,56
2007,1351,15,16,979,1190,1208,1075,-229,115
2007,1352,11,16,791,1231,881,1075,-90,156
2007,1353,19,9,1060,592,1350,529,-290,63
2007,1354,17,13,1060,929,1227,832,-167,97
2007,1355,24,6,1413,448,1790,395,-377,53
2007,1356,6,26,336,1689,374,1461,-38,228
2007,1357,14,18,1006,1507,1168,1293,-162,214
2007,1358,10,18,689,1433,803,1192,-114,241
2007,1359,16,15,854,961,1042,833,-188,128
2007,1360,14,15,974,1189,1102,1074,-128,115
2007,1361,10,19,613,1478,710,1268,-97,210
2007,1362,18,12,1260,953,1436,846,-176,107
2007,1363,25,5,1531,327,1846,296,-315,31
2007,1364,11,17,723,1252,831,1061,-108,191
2007,1365,10,20,633,1415,765,1140,-132,275
2007,1366,18,8,957,498,1285,469,-328,29
2007,1368,14,14,913,974,1073,878,-160,96
2007,1369,20,10,1284,800,1588,729,-304,71
2007,1371,16,12,1094,980,1259,799,-165,181
2007,1372,14,12,801,862,916,720,-115,142
2007,1373,12,20,893,1544,991,1291,-98,253
2007,1374,17,12,987,803,1170,654,-183,149
2007,1375,11,18,702,1334,821,1128,-119,206
2007,1376,16,14,965,976,1221,842,-256,134
2007,1378,18,12,1078,892,1328,681,-250,211
2007,1379,11,16,671,1152,771,966,-100,186
2007,1380,21,10,1177,662,1519,558,-342,104
2007,1381,14,14,854,1020,1000,872,-146,148
2007,1382,22,7,1441,516,1792,469,-351,47
2007,1383,22,9,1308,647,1559,581,-251,66
2007,1384,21,7,1351,499,1612,424,-261,75
2007,1385,15,16,882,1097,1107,901,-225,196
2007,1386,14,17,863,1224,979,1019,-116,205
2007,1387,13,19,752,1347,908,1184,-156,163
2007,1388,15,14,927,1095,1055,876,-128,219
2007,1389,25,5,1467,321,1726,272,-259,49
2007,1390,12,18,756,1342,887,1116,-131,226
2007,1391,20,9,1262,629,1562,565,-300,64
2007,1392,20,9,1154,583,1391,475,-237,108
2007,1393,10,22,714,1702,771,1398,-57,304
2007,1394,6,24,419,1956,499,1615,-80,341
2007,1395,17,13,1004,888,1246,757,-242,131
2007,1396,18,12,1236,1015,1405,817,-169,198
2007,1397,10,22,693,1856,800,1582,-107,274
2007,1398,20,11,1278,702,1545,625,-267,77
2007,1399,13,18,907,1387,1018,1208,-111,179
2007,1400,9,24,739,1974,793,1581,-54,393
2007,1401,6,25,409,1957,431,1404,-22,553
2007,1402,20,6,1461,483,1781,434,-320,49
2007,1403,12,21,749,1613,893,1372,-144,241
2007,1404,23,7,1395,492,1678,430,-283,62
2007,1405,12,19,798,1348,916,1186,-118,162
2007,1406,17,15,1069,1106,1265,908,-196,198
2007,1407,17,12,1183,953,1343,883,-160,70
2007,1408,13,15,783,1147,946,988,-163,159
2007,1409,11,18,632,1312,719,1093,-87,219
2007,1410,15,10,948,682,1140,585,-192,97
2007,1411,17,11,992,807,1275,745,-283,62
2007,1412,16,15,953,1098,1095,921,-142,177
2007,1413,23,5,1512,355,1892,327,-380,28
2007,1414,18,15,1157,1029,1367,843,-210,186
2007,1415,24,5,1451,377,1798,333,-347,44
2007,1416,9,20,608,1486,684,1219,-76,267
2007,1417,5,25,319,1840,350,1467,-31,373
2007,1418,21,8,1368,569,1600,512,-232,57
2007,1419,14,15,887,1153,1139,1004,-252,149
2007,1420,19,12,1038,837,1292,724,-254,113
2007,1421,19,8,1231,599,1494,516,-263,83
2007,1422,14,16,909,1174,1050,1005,-141,169
2007,1423,22,7,1370,501,1624,433,-254,68
2007,1424,6,27,392,2084,467,1741,-75,343
2007,1425,11,23,696,1732,800,1411,-104,321
2007,1426,16,11,1095,862,1319,773,-224,89
2007,1427,22,4,1249,238,1575,207,-326,31
2007,1428,19,11,1222,853,1423,742,-201,111
2007,1429,11,22,747,1596,847,1384,-100,212
2007,1430,7,20,426,1500,486,1168,-60,332
2007,1431,17,14,1212,1132,1354,865,-142,267
2007,1433,6,27,391,2077,434,1703,-43,374
2007,1434,15,15,907,1065,1090,880,-183,185
2007,1435,11,19,756,1516,879,1265,-123,251
2007,1436,7,25,408,1845,486,1593,-78,252
2007,1437,10,21,628,1609,698,1307,-70,302
2007,1438,10,19,675,1571,777,1304,-102,267
2007,1439,11,20,693,1540,791,1228,-98,312
2007,1440,19,10,1777,994,1970,878,-193,116
2007,1441,20,9,1311,647,1614,569,-303,78
2007,1442,23,5,1417,309,1720,282,-303,27
2007,1443,11,21,804,1702,889,1430,-85,272
2007,1444,16,15,1060,1144,1212,990,-152,154
2007,1445,24,2,1356,137,1899,119,-543,18
2007,1447,19,10,1249,778,1490,678,-241,100
2007,1448,16,15,1053,1235,1294,1075,-241,160
2007,1449,13,19,900,1549,1059,1277,-159,272
2007,1450,7,25,414,1715,459,1433,-45,282
2007,1451,11,17,707,1282,845,1123,-138,159
2007,1452,9,21,566,1581,666,1214,-100,367
2007,1453,15,16,897,1197,1085,979,-188,218
2007,1454,22,9,1380,627,1652,566,-272,61
2007,1455,14,16,884,1173,976,965,-92,208
2007,1456,15,15,911,995,1079,847,-168,148
2007,1457,4,24,256,1819,297,1463,-41,356
2007,1458,5,29,282,2101,316,1630,-34,471
2007,1459,20,7,1338,527,1566,488,-228,39
2007,1460,9,23,523,1544,671,1301,-148,243
2007,1461,15,16,1025,1263,1206,1121,-181,142
2007,1462,8,24,548,1897,601,1472,-53,425
2007,1463,13,13,829,913,963,773,-134,140
2007,1464,17,12,981,901,1223,783,-242,118
2008,1102,14,14,726,886,888,717,-162,169
2008,1103,10,23,644,1707,723,1382,-79,325
2008,1104,16,17,1101,1383,1229,1175,-128,208
2008,1105,15,11,883,786,1104,653,-221,133
2008,1106,10,17,650,1267,755,1012,-105,255
2008,1107,15,15,961,1087,1097,895,-136,192
2008,1108,23,6,1516,428,1890,392,-374,36
2008,1110,11,21,663,1420,777,1200,-114,220
2008,1111,13,17,835,1297,957,1113,-122,184
2008,1112,14,18,895,1395,1005,1132,-110,263
2008,1113,12,19,658,1427,816,1116,-158,311
2008,1114,11,18,609,1250,748,1082,-139,168
2008,1115,18,11,963,747,1220,642,-257,105
2008,1116,11,22,713,1717,818,1394,-105,323
2008,1117,20,8,1335,590,1573,520,-238,70
2008,1119,16,14,891,879,1070,792,-179,87
2008,1120,16,14,1070,1071,1274,909,-204,162
2008,1122,10,24,685,1851,792,1611,-107,240
2008,1123,24,6,1314,419,1543,375,-229,44
2008,1124,10,20,767,1655,838,1396,-71,259
2008,1125,8,24,564,1974,660,1717,-96,257
2008,1126,20,9,1121,536,1311,476,-190,60
2008,1127,16,14,1022,954,1202,799,-180,155
2008,1129,8,24,602,1997,686,1749,-84,248
2008,1130,17,14,1141,1062,1361,882,-220,180
2008,1131,17,14,960,994,1169,840,-209,154
2008,1132,17,13,997,907,1239,799,-242,108
2008,1133,15,17,1055,1290,1187,1095,-132,195
2008,1135,9,19,540,1383,655,1146,-115,237
2008,1137,19,12,1039,886,1205,818,-166,68
2008,1138,20,9,1339,718,1587,582,-248,136
2008,1139,3,29,158,2029,170,1678,-12,351
2008,1140,7,27,423,2095,508,1638,-85,457
2008,1141,16,13,1045,993,1231,904,-186,89
2008,1142,18,11,1047,783,1336,691,-289,92
2008,1143,15,16,1090,1307,1231,1108,-141,199
2008,1144,20,9,1362,706,1570,620,-208,86
2008,1145,25,6,1468,455,1896,373,-428,82
2008,1146,16,10,973,722,1166,647,-193,75
2008,1147,21,9,1353,710,1676,638,-323,72
2008,1148,16,14,1012,1083,1164,890,-152,193
2008,1149,20,6,1369,475,1671,427,-302,48
2008,1150,13,20,830,1488,909,1315,-79,173
2008,1151,13,16,870,1265,1041,1097,-171,168
2008,1152,17,8,1119,660,1439,568,-320,92
2008,1153,18,13,1157,843,1355,743,-198,100
2008,1154,24,2,1423,133,1844,124,-421,9
2008,1155,9,23,698,1836,758,1466,-60,370
2008,1156,12,19,709,1341,823,1164,-114,177
2008,1157,15,10,960,713,1149,663,-189,50
2008,1158,17,16,1166,1225,1342,1046,-176,179
2008,1159,14,18,857,1238,998,1078,-141,160
2008,1160,20,11,1150,769,1390,613,-240,156
2008,1161,24,6,1468,405,1836,338,-368,67
2008,1162,15,13,860,877,1065,731,-205,146
2008,1163,8,24,566,1921,618,1578,-52,343
2008,1164,20,14,1026,985,1377,871,-351,114
2008,1165,5,21,368,1624,427,1367,-59,257
2008,1166,10,21,592,1640,702,1320,-110,320
2008,1167,21,8,1312,617,1644,533,-332,84
2008,1168,8,23,588,1969,664,1596,-76,373
2008,1169,10,19,691,1555,818,1265,-127,290
2008,1170,24,2,1477,152,1884,147,-407,5
2008,1171,18,9,998,683,1298,583,-300,100
2008,1172,6,25,413,1984,450,1507,-37,477
2008,1173,10,21,612,1521,712,1293,-100,228
2008,1174,17,14,996,960,1198,863,-202,97
2008,1175,16,12,841,781,1072,668,-231,113
2008,1176,19,10,974,648,1213,523,-239,125
2008,1177,19,11,1365,812,1555,718,-190,94
2008,1178,23,6,1292,406,1543,368,-251,38
2008,1179,4,26,282,1886,295,1536,-13,350
2008,1180,20,12,1101,803,1377,687,-276,116
2008,1181,5,27,374,2318,401,1817,-27,501
2008,1182,13,17,932,1538,1045,1178,-113,360
2008,1183,22,6,1293,455,1530,407,-237,48
2008,1184,16,12,939,817,1147,703,-208,114
2008,1185,17,14,1062,992,1233,863,-171,129
2008,1186,19,9,1118,624,1350,541,-232,83
2008,1187,18,9,1117,691,1404,572,-287,119
2008,1189,18,13,1058,879,1258,766,-200,113
2008,1190,13,18,938,1478,1097,1313,-159,165
2008,1191,21,8,1201,527,1475,447,-274,80
2008,1192,20,8,1338,623,1629,560,-291,63
2008,1193,16,14,949,1023,1153,914,-204,109
2008,1194,18,15,1149,1216,1385,1061,-236,155
2008,1195,21,10,1315,730,1638,648,-323,82
2008,1196,11,21,745,1755,858,1337,-113,418
2008,1197,17,13,981,923,1286,817,-305,106
2008,1198,20,8,1203,572,1482,477,-279,95
2008,1199,14,19,1003,1388,1132,1149,-129,239
2008,1200,17,11,1009,795,1200,681,-191,114
2008,1201,19,12,1248,867,1425,713,-177,154
2008,1202,23,7,1370,467,1720,422,-350,45
2008,1203,17,9,1032,617,1298,477,-266,140
2008,1204,12,18,881,1344,1017,1145,-136,199
2008,1205,16,15,1138,1228,1342,999,-204,229
2008,1206,10,23,639,1667,711,1345,-72,322
2008,1207,5,27,317,1914,364,1491,-47,423
2008,1208,16,16,991,1181,1148,995,-157,186
2008,1209,21,9,1204,643,1393,594,-189,49
2008,1210,17,15,1227,1255,1349,1083,-122,172
2008,1211,7,25,470,1978,517,1507,-47,471
2008,1212,17,7,1048,518,1374,458,-326,60
2008,1214,12,18,739,1216,838,1041,-99,175
2008,1216,16,18,1141,1266,1386,1139,-245,127
2008,1217,22,8,1419,637,1723,510,-304,127
2008,1218,19,11,1294,817,1510,688,-216,129
2008,1219,14,13,854,968,970,795,-116,173
2008,1220,18,12,1143,846,1329,748,-186,98
2008,1221,14,15,797,984,926,828,-129,156
2008,1222,9,22,708,1733,762,1409,-54,324
2008,1223,9,1,637,63,822,56,-185,7
2008,1224,26,6,1400,417,1895,373,-495,44
2008,1225,21,7,1239,530,1559,466,-320,64
2008,1226,19,10,1047,662,1397,598,-350,64
2008,1227,15,17,888,1277,1025,1063,-137,214
2008,1228,19,16,1125,1102,1268,871,-143,231
2008,1229,9,23,579,1528,659,1268,-80,260
2008,1231,7,25,439,1965,508,1562,-69,403
2008,1232,16,14,955,986,1185,835,-230,151
2008,1233,20,12,1252,847,1480,729,-228,118
2008,1234,19,13,1026,768,1214,643,-188,125
2008,1235,18,13,1067,904,1307,742,-240,162
2008,1236,18,11,1098,825,1384,676,-286,149
2008,1237,7,23,452,1785,500,1450,-48,335
2008,1238,20,14,1306,1034,1629,893,-323,141
2008,1239,13,17,847,1323,1035,1154,-188,169
2008,1240,22,5,1515,387,1743,345,-228,42
2008,1241,17,13,1141,1047,1344,875,-203,172
2008,1242,3,30,204,2475,217,1818,-13,657
2008,1243,11,19,788,1575,887,1182,-99,393
2008,1244,20,9,1308,677,1570,603,-262,74
2008,1245,6,28,384,1970,448,1646,-64,324
2008,1246,12,18,790,1268,938,1022,-148,246
2008,1247,17,14,1245,1062,1410,943,-165,119
2008,1248,15,15,1069,1178,1207,1012,-138,166
2008,1249,11,15,763,1263,875,1089,-112,174
2008,1250,15,14,973,877,1134,761,-161,116
2008,1251,16,13,1003,997,1155,827,-152,170
2008,1252,16,14,1113,1037,1248,869,-135,168
2008,1253,25,6,1540,404,1910,332,-370,72
2008,1254,15,15,996,1176,1146,1005,-150,171
2008,1255,22,6,1356,494,1744,437,-388,57
2008,1256,24,6,1381,443,1758,397,-377,46
2008,1257,8,24,527,1775,565,1398,-38,377
2008,1258,26,5,1517,401,2058,377,-541,24
2008,1259,14,19,931,1434,1123,1213,-192,221
2008,1260,19,10,1051,687,1242,632,-191,55
2008,1261,18,12,1150,903,1337,736,-187,167
2008,1263,23,6,1363,468,1706,415,-343,53
2008,1264,19,12,1248,899,1436,770,-188,129
2008,1265,14,18,940,1297,1083,1117,-143,180
2008,1266,9,23,602,1827,698,1360,-96,467
2008,1267,14,14,872,999,1023,848,-151,151
2008,1268,14,18,954,1389,1068,1159,-114,230
2008,1269,10,21,733,1809,813,1553,-80,256
2008,1270,16,10,932,726,1156,628,-224,98
2008,1271,28,4,1621,257,2152,242,-531,15
2008,1272,1,33,62,2647,66,1995,-4,652
2008,1273,19,10,1369,840,1541,751,-172,89
2008,1274,10,21,681,1607,766,1343,-85,264
2008,1275,15,17,858,1159,961,977,-103,182
2008,1276,22,10,1298,708,1569,595,-271,113
2008,1277,8,25,449,1904,521,1525,-72,379
2008,1278,13,20,756,1508,907,1175,-151,333
2008,1279,10,21,717,1746,798,1458,-81,288
2008,1280,10,22,653,1686,727,1355,-74,331
2008,1281,16,16,1149,1319,1296,1016,-147,303
2008,1282,21,9,1385,644,1653,574,-268,70
2008,1283,16,16,973,1177,1131,948,-158,229
2008,1284,24,7,1406,428,1691,388,-285,40
2008,1285,16,12,1028,890,1187,728,-159,162
2008,1286,15,13,1018,990,1193,870,-175,120
2008,1287,15,13,825,947,1072,839,-247,108
2008,1288,10,21,653,1435,736,1163,-83,272
2008,1290,15,15,796,1035,1059,910,-263,125
2008,1291,14,18,899,1311,1035,1093,-136,218
2008,1292,15,16,948,1141,1162,1006,-214,135
2008,1293,13,16,850,1248,990,1034,-140,214
2008,1294,16,11,1037,821,1203,718,-166,103
2008,1295,13,14,849,1177,998,911,-149,266
2008,1296,22,6,1427,413,1743,368,-316,45
2008,1298,14,16,1023,1266,1130,1078,-107,188
2008,1299,16,12,945,928,1212,827,-267,101
2008,1300,24,3,1279,200,1949,191,-670,9
2008,1301,16,15,1046,1040,1252,908,-206,132
2008,1304,12,19,724,1348,864,1005,-140,343
2008,1305,11,20,726,1579,860,1315,-134,264
2008,1306,20,8,1271,595,1439,532,-168,63
2008,1307,8,24,553,1827,616,1385,-63,442
2008,1308,14,20,1039,1654,1194,1270,-155,384
2008,1309,13,17,884,1286,1024,1131,-140,155
2008,1310,10,19,717,1502,801,1318,-84,184
2008,1311,21,9,1257,658,1554,555,-297,103
2008,1312,29,,1622,,2233,,-611,
2008,1313,15,16,972,1186,1133,1056,-161,130
2008,1314,2,32,158,2858,171,2302,-13,556
2008,1316,26,2,1529,137,1951,118,-422,19
2008,1317,11,17,779,1319,877,1102,-98,217
2008,1318,17,14,1037,928,1194,779,-157,149
2008,1319,11,19,734,1416,854,1203,-120,213
2008,1320,14,17,756,1141,907,976,-151,165
2008,1321,22,7,1266,493,1569,406,-303,87
2008,1322,17,13,1168,1007,1471,920,-303,87
2008,1323,7,24,506,1993,577,1609,-71,384
2008,1324,14,15,961,1255,1096,1088,-135,167
2008,1325,12,19,722,1359,833,1161,-111,198
2008,1326,13,19,755,1392,876,1085,-121,307
2008,1328,11,22,610,1648,762,1330,-152,318
2008,1329,15,16,918,1224,1080,991,-162,233
2008,1330,15,17,906,1213,1070,974,-164,239
2008,1331,8,23,481,1654,559,1347,-78,307
2008,1332,13,18,879,1502,1004,1241,-125,261
2008,1333,24,6,1395,403,1822,312,-427,91
2008,1334,10,20,612,1533,731,1280,-119,253
2008,1335,18,13,1141,955,1467,841,-326,114
2008,1336,16,15,943,1076,1175,892,-232,184
2008,1337,21,10,1459,788,1779,696,-320,92
2008,1338,9,26,553,2042,648,1634,-95,408
2008,1339,22,8,1315,570,1593,496,-278,74
2008,1340,9,21,571,1652,657,1393,-86,259
2008,1341,22,7,1345,544,1738,489,-393,55
2008,1342,25,2,1386,114,1751,95,-365,19
2008,1343,22,5,1218,325,1456,286,-238,39
2008,1344,16,15,1019,1234,1197,1040,-178,194
2008,1345,8,24,554,1645,595,1363,-41,282
2008,1346,15,15,1064,1162,1213,1041,-149,121
2008,1347,20,8,1247,666,1588,614,-341,52
2008,1348,11,21,837,1748,909,1473,-72,275
2008,1349,27,3,1465,213,1875,195,-410,18
2008,1350,14,16,856,1054,1013,967,-157,87
2008,1351,10,23,694,1851,778,1554,-84,297
2008,1352,7,26,489,1980,576,1666,-87,314
2008,1353,20,11,1148,780,1450,673,-302,107
2008,1354,20,12,1355,895,1617,827,-262,68
2008,1355,21,7,1360,483,1584,421,-224,62
2008,1356,14,17,735,1210,870,983,-135,227
2008,1357,14,18,949,1351,1118,1169,-169,182
2008,1358,8,19,574,1283,628,1083,-54,200
2008,1359,16,12,883,747,1083,681,-200,66
2008,1360,13,20,765,1380,894,1185,-129,195
2008,1361,12,19,718,1361,803,1154,-85,207
2008,1362,21,9,1280,702,1564,595,-284,107
2008,1363,19,13,1227,910,1468,840,-241,70
2008,1364,8,22,491,1598,589,1335,-98,263
2008,1365,16,13,902,903,1073,726,-171,177
2008,1366,17,10,898,646,1272,553,-374,93
2008,1367,22,6,1331,409,1646,339,-315,70
2008,1368,13,13,764,913,878,800,-114,113
2008,1369,19,10,1384,827,1646,762,-262,65
2008,1371,15,17,1023,1429,1195,1277,-172,152
2008,1372,5,22,288,1489,320,1218,-32,271
2008,1373,10,22,711,1747,839,1435,-128,312
2008,1374,20,9,1181,654,1485,593,-304,61
2008,1375,6,25,436,1908,464,1572,-28,336
2008,1376,18,14,1218,1096,1371,905,-153,191
2008,1378,19,12,1200,932,1384,751,-184,181
2008,1379,14,15,857,1168,1038,930,-181,238
2008,1380,18,10,971,746,1233,621,-262,125
2008,1381,18,11,1147,847,1344,771,-197,76
2008,1382,22,8,1408,584,1680,491,-272,93
2008,1383,22,7,1474,479,1690,447,-216,32
2008,1384,23,5,1411,360,1676,326,-265,34
2008,1385,19,11,1103,761,1353,642,-250,119
2008,1386,12,21,841,1579,910,1310,-69,269
2008,1387,15,16,791,1071,1023,886,-232,185
2008,1388,6,24,375,1900,443,1459,-68,441
2008,1389,24,6,1575,427,1800,379,-225,48
2008,1390,7,26,463,1869,519,1481,-56,388
2008,1391,16,15,980,1054,1197,933,-217,121
2008,1392,23,7,1353,484,1583,415,-230,69
2008,1393,13,19,930,1583,1048,1319,-118,264
2008,1394,20,9,1213,644,1457,573,-244,71
2008,1395,16,13,939,1009,1133,831,-194,178
2008,1396,12,21,819,1577,900,1363,-81,214
2008,1397,4,28,304,2333,333,1935,-29,398
2008,1398,17,13,1273,963,1405,870,-132,93
2008,1399,19,11,1338,859,1513,735,-175,124
2008,1400,6,27,439,2031,489,1653,-50,378
2008,1401,10,23,610,1737,751,1293,-141,444
2008,1402,16,10,1247,863,1416,791,-169,72
2008,1403,15,15,928,1164,1147,953,-219,211
2008,1404,16,15,1142,1199,1336,1064,-194,135
2008,1405,19,11,1076,718,1362,646,-286,72
2008,1406,18,13,1061,966,1290,843,-229,123
2008,1407,19,10,1326,823,1594,699,-268,124
2008,1408,15,16,885,1142,1070,1011,-185,131
2008,1409,13,20,823,1503,991,1162,-168,341
2008,1410,13,14,864,1080,1022,905,-158,175
2008,1411,25,7,1503,507,1939,451,-436,56
2008,1412,10,22,650,1722,746,1390,-96,332
2008,1413,22,7,1296,498,1666,445,-370,53
2008,1414,16,17,1030,1194,1176,1008,-146,186
2008,1415,21,8,1143,575,1469,511,-326,64
2008,1416,15,16,1029,1240,1140,999,-111,241
2008,1417,3,30,185,2258,206,1762,-21,496
2008,1418,15,14,899,973,1040,868,-141,105
2008,1419,21,7,1333,534,1628,460,-295,74
2008,1420,8,23,541,1780,597,1558,-56,222
2008,1421,9,19,593,1493,721,1293,-128,200
2008,1422,12,19,750,1444,900,1161,-150,283
2008,1423,13,20,847,1550,1001,1355,-154,195
2008,1424,7,25,376,1840,462,1520,-86,320
2008,1425,11,21,665,1545,781,1241,-116,304
2008,1426,11,17,752,1278,856,1103,-104,175
2008,1427,17,9,919,675,1166,611,-247,64
2008,1428,14,16,869,1169,965,937,-96,232
2008,1429,10,23,656,1795,794,1472,-138,323
2008,1430,14,13,893,1002,1039,833,-146,169
2008,1431,13,19,948,1510,1083,1251,-135,259
2008,1433,7,24,410,1670,451,1350,-41,320
2008,1434,13,19,838,1398,964,1213,-126,185
2008,1435,7,26,476,2183,556,1898,-80,285
2008,1436,15,16,1006,1235,1120,1053,-114,182
2008,1437,12,20,788,1543,915,1303,-127,240
2008,1438,15,15,1049,1255,1239,995,-190,260
2008,1439,13,19,852,1363,972,1101,-120,262
2008,1440,15,10,1178,945,1351,826,-173,119
2008,1441,21,9,1282,610,1538,526,-256,84
2008,1442,18,10,1126,729,1422,614,-296,115
2008,1443,6,25,417,1958,448,1571,-31,387
2008,1444,12,20,791,1440,889,1191,-98,249
2008,1445,18,10,1019,714,1289,623,-270,91
2008,1447,8,23,478,1739,624,1574,-146,165
2008,1448,13,17,889,1277,1037,1044,-148,233
2008,1449,16,16,1059,1286,1221,1045,-162,241
2008,1450,8,24,502,1644,560,1266,-58,378
2008,1451,13,15,771,1069,901,914,-130,155
2008,1452,10,23,596,1869,698,1390,-102,479
2008,1453,15,15,990,1081,1149,951,-159,130
2008,1454,16,13,989,940,1183,826,-194,114
2008,1455,20,11,1186,753,1347,648,-161,105
2008,1456,16,16,918,1054,1079,942,-161,112
2008,1457,11,20,631,1388,718,1106,-87,282
2008,1458,4,29,257,1965,295,1479,-38,486
2008,1459,16,12,951,867,1176,764,-225,103
2008,1460,10,21,618,1326,681,1190,-63,136
2008,1461,18,10,1175,733,1422,617,-247,116
2008,1462,6,27,365,2121,428,1629,-63,492
2008,1463,15,12,911,915,1123,775,-212,140
2008,1464,21,7,1281,491,1535,447,-254,44
2009,1102,21,8,1112,553,1375,432,-263,121
2009,1103,12,22,724,1534,832,1225,-108,309
2009,1104,14,16,969,1216,1110,1030,-141,186
2009,1105,17,7,1032,504,1283,447,-251,57
2009,1106,9,20,592,1423,671,1173,-79,250
2009,1107,16,15,951,1033,1138,900,-187,133
2009,1108,24,4,1602,338,2082,286,-480,52
2009,1110,7,24,391,1607,496,1315,-105,292
2009,1111,18,12,1286,958,1479,855,-193,103
2009,1112,13,19,819,1491,937,1253,-118,238
2009,1113,9,24,570,1725,642,1340,-72,385
2009,1114,8,23,433,1626,533,1431,-100,195
2009,1115,18,13,1023,920,1386,804,-363,116
2009,1116,16,14,1058,1180,1240,973,-182,207
2009,1117,17,11,1064,736,1193,638,-129,98
2009,1119,19,11,991,750,1196,627,-205,123
2009,1120,11,21,744,1568,828,1283,-84,285
2009,1122,13,17,889,1346,1048,1196,-159,150
2009,1123,17,14,958,837,1112,740,-154,97
2009,1124,14,19,970,1516,1121,1220,-151,296
2009,1125,12,19,864,1510,971,1217,-107,293
2009,1126,16,14,848,856,1047,717,-199,139
2009,1127,8,22,526,1571,613,1395,-87,176
2009,1129,12,18,780,1373,936,1215,-156,158
2009,1130,11,22,734,1739,834,1491,-100,248
2009,1131,13,17,802,1256,938,1051,-136,205
2009,1132,13,17,750,1143,857,981,-107,162
2009,1133,14,18,867,1270,1018,1105,-151,165
2009,1135,19,9,1096,616,1365,533,-269,83
2009,1136,21,8,1139,531,1518,451,-379,80
2009,1137,23,7,1422,506,1695,457,-273,49
2009,1138,11,21,666,1416,748,1246,-82,170
2009,1139,5,25,298,1712,320,1426,-22,286
2009,1140,7,24,518,1875,560,1447,-42,428
2009,1141,19,12,1144,784,1330,688,-186,96
2009,1142,21,7,1326,496,1551,413,-225,83
2009,1143,10,22,668,1733,770,1417,-102,316
2009,1144,16,12,1083,911,1289,733,-206,178
2009,1145,20,11,1159,790,1430,667,-271,123
2009,1146,19,6,1102,411,1418,373,-316,38
2009,1147,23,8,1422,571,1720,487,-298,84
2009,1148,17,13,1017,926,1231,812,-214,114
2009,1149,20,6,1301,396,1535,356,-234,40
2009,1150,20,11,1313,817,1498,684,-185,133
2009,1151,16,16,1138,1262,1355,1092,-217,170
2009,1152,13,17,974,1511,1144,1282,-170,229
2009,1153,14,18,846,1341,1037,1086,-191,255
2009,1154,12,18,730,1258,868,1072,-138,186
2009,1155,8,23,592,1856,657,1458,-65,398
2009,1156,10,22,590,1489,670,1245,-80,244
2009,1157,19,8,1228,595,1421,527,-193,68
2009,1158,8,26,521,2095,610,1841,-89,254
2009,1159,20,10,1076,625,1357,538,-281,87
2009,1160,22,8,1320,566,1590,449,-270,117
2009,1161,21,9,1382,684,1638,579,-256,105
2009,1162,16,12,889,800,1071,669,-182,131
2009,1163,4,27,308,2089,347,1636,-39,453
2009,1164,19,12,1146,803,1400,688,-254,115
2009,1165,9,20,558,1565,666,1218,-108,347
2009,1166,7,26,423,2006,501,1656,-78,350
2009,1167,21,8,1341,534,1606,488,-265,46
2009,1168,17,14,1130,1109,1309,987,-179,122
2009,1169,13,16,880,1259,1014,1021,-134,238
2009,1170,27,2,1498,154,1961,139,-463,15
2009,1171,19,8,1126,528,1371,479,-245,49
2009,1172,7,25,439,2040,512,1568,-73,472
2009,1173,7,26,452,1776,534,1496,-82,280
2009,1174,19,13,1196,978,1367,877,-171,101
2009,1175,23,7,1229,483,1579,393,-350,90
2009,1176,16,15,931,953,1058,814,-127,139
2009,1177,24,9,1466,657,1837,553,-371,104
2009,1178,23,6,1253,383,1544,345,-291,38
2009,1179,15,16,862,1124,1021,923,-159,201
2009,1180,14,15,786,1002,932,842,-146,160
2009,1181,6,28,420,2233,485,1746,-65,487
2009,1182,12,21,823,1752,947,1478,-124,274
2009,1183,18,10,1087,687,1283,595,-196,92
2009,1184,12,16,781,1209,885,1009,-104,200
2009,1185,24,6,1254,394,1592,353,-338,41
2009,1186,18,11,1058,757,1299,669,-241,88
2009,1187,17,10,1093,849,1322,735,-229,114
2009,1188,19,4,1186,303,1574,280,-388,23
2009,1189,20,9,1257,620,1520,570,-263,50
2009,1190,10,22,692,1807,758,1487,-66,320
2009,1191,13,16,822,1108,961,934,-139,174
2009,1192,23,7,1423,486,1838,444,-415,42
2009,1193,15,17,928,1165,1133,1019,-205,146
2009,1194,26,6,1663,416,1964,355,-301,61
2009,1195,20,10,1271,684,1563,609,-292,75
2009,1196,10,23,700,1854,752,1482,-52,372
2009,1197,21,10,1196,703,1583,645,-387,58
2009,1198,19,12,1120,830,1399,743,-279,87
2009,1199,9,25,591,1742,671,1539,-80,203
2009,1200,25,3,1512,206,1965,179,-453,27
2009,1201,21,13,1346,953,1550,822,-204,131
2009,1202,24,4,1431,264,1774,241,-343,23
2009,1203,18,10,1114,739,1312,608,-198,131
2009,1204,22,7,1528,490,1874,428,-346,62
2009,1205,17,10,1181,794,1376,687,-195,107
2009,1206,10,22,608,1508,673,1249,-65,259
2009,1207,14,16,924,1152,1047,859,-123,293
2009,1208,20,12,1187,890,1490,747,-303,143
2009,1209,20,10,1129,651,1357,552,-228,99
2009,1210,19,12,1278,930,1454,762,-176,168
2009,1211,5,25,332,2032,368,1479,-36,553
2009,1212,23,5,1297,371,1691,340,-394,31
2009,1214,16,15,906,876,1091,750,-185,126
2009,1216,26,7,1496,502,1878,438,-382,64
2009,1217,14,13,878,918,1013,824,-135,94
2009,1218,17,13,1017,904,1192,764,-175,140
2009,1219,21,6,1284,384,1514,343,-230,41
2009,1220,11,20,654,1406,808,1268,-154,138
2009,1221,14,18,831,1236,963,1029,-132,207
2009,1222,11,21,744,1712,850,1360,-106,352
2009,1223,25,4,1699,275,2174,223,-475,52
2009,1224,23,8,1347,553,1695,491,-348,62
2009,1225,15,15,879,1078,1061,901,-182,177
2009,1226,19,12,1190,824,1426,693,-236,131
2009,1227,15,15,915,1092,1040,938,-125,154
2009,1228,9,24,499,1633,577,1291,-78,342
2009,1229,9,24,558,1777,602,1470,-44,307
2009,1231,25,5,1432,349,1816,295,-384,54
2009,1232,21,10,1227,726,1459,662,-232,64
2009,1233,19,12,1087,843,1229,728,-142,115
2009,1234,17,15,914,1013,1095,813,-181,200
2009,1235,17,15,1017,1061,1231,869,-214,192
2009,1236,17,12,984,907,1239,780,-255,127
2009,1237,14,13,819,904,948,786,-129,118
2009,1238,15,18,977,1330,1192,1136,-215,194
2009,1239,13,18,907,1394,999,1127,-92,267
2009,1240,17,9,1102,693,1287,597,-185,96
2009,1241,14,19,908,1432,1045,1216,-137,216
2009,1242,7,25,459,2009,526,1580,-67,429
2009,1243,11,20,722,1617,835,1222,-113,395
2009,1244,22,6,1212,408,1570,360,-358,48
2009,1245,14,18,864,1312,1006,1071,-142,241
2009,1246,13,20,902,1565,1008,1178,-106,387
2009,1247,13,18,861,1346,963,1172,-102,174
2009,1248,22,8,1390,569,1678,519,-288,50
2009,1249,15,11,998,791,1208,690,-210,101
2009,1250,14,15,816,1038,959,868,-143,170
2009,1251,11,18,745,1396,883,1214,-138,182
2009,1252,14,16,968,1281,1073,1034,-105,247
2009,1253,15,15,998,1140,1135,1042,-137,98
2009,1254,14,16,913,1206,1056,1002,-143,204
2009,1255,14,13,971,1032,1193,924,-222,108
2009,1256,17,15,943,1088,1103,918,-160,170
2009,1257,5,28,281,2159,352,1681,-71,478
2009,1258,28,3,1528,198,2031,183,-503,15
2009,1259,20,12,1270,877,1508,786,-238,91
2009,1260,17,14,985,962,1276,792,-291,170
2009,1261,7,26,428,2044,519,1642,-91,402
2009,1263,21,8,1310,544,1560,475,-250,69
2009,1264,14,16,854,1077,1001,926,-147,151
2009,1265,23,10,1441,670,1728,561,-287,109
2009,1266,9,24,652,1950,735,1557,-83,393
2009,1267,17,12,1093,901,1260,809,-167,92
2009,1268,13,20,825,1533,1000,1259,-175,274
2009,1269,18,11,1217,839,1405,735,-188,104
2009,1270,18,9,1012,669,1152,579,-140,90
2009,1271,23,7,1293,464,1662,427,-369,37
2009,1272,3,31,193,2325,214,1720,-21,605
2009,1273,15,16,1013,1290,1244,1122,-231,168
2009,1274,12,17,822,1269,937,986,-115,283
2009,1275,13,17,723,1124,878,888,-155,236
2009,1276,13,19,725,1414,875,1151,-150,263
2009,1277,6,26,380,1921,474,1539,-94,382
2009,1278,10,21,576,1475,679,1226,-103,249
2009,1279,15,16,1008,1246,1204,1037,-196,209
2009,1280,12,22,822,1695,929,1418,-107,277
2009,1281,6,28,404,2354,480,1780,-76,574
2009,1282,24,7,1528,480,1821,441,-293,39
2009,1283,20,11,1182,705,1388,596,-206,109
2009,1284,23,8,1394,531,1731,457,-337,74
2009,1285,12,16,698,1132,861,940,-163,192
2009,1286,17,13,1030,945,1241,845,-211,100
2009,1287,15,17,942,1277,1092,1106,-150,171
2009,1288,11,22,632,1577,736,1296,-104,281
2009,1290,25,7,1508,521,1956,432,-448,89
2009,1291,13,19,809,1374,880,1130,-71,244
2009,1292,14,17,893,1267,1008,1053,-115,214
2009,1293,12,17,734,1225,832,1015,-98,210
2009,1294,18,13,1182,1009,1324,887,-142,122
2009,1295,6,24,458,1916,492,1578,-34,338
2009,1296,20,9,1209,705,1468,587,-259,118
2009,1298,11,19,722,1407,811,1248,-89,159
2009,1299,16,13,952,944,1183,818,-231,126
2009,1300,26,3,1522,222,2137,191,-615,31
2009,1301,14,16,952,1237,1076,1011,-124,226
2009,1304,12,18,697,1231,814,975,-117,256
2009,1305,12,20,752,1476,848,1283,-96,193
2009,1306,16,13,936,839,1150,736,-214,103
2009,1307,11,21,732,1627,806,1299,-74,328
2009,1308,15,17,1067,1376,1211,1169,-144,207
2009,1309,19,10,1111,675,1323,621,-212,54
2009,1310,8,26,560,2043,645,1656,-85,387
2009,1311,11,17,622,1144,713,999,-91,145
2009,1312,30,1,1484,61,2032,51,-548,10
2009,1313,18,13,1113,1006,1364,855,-251,151
2009,1314,4,27,322,2449,338,1921,-16,528
2009,1315,10,5,626,350,813,326,-187,24
2009,1316,22,7,1170,457,1636,397,-466,60
2009,1317,12,19,836,1549,939,1385,-103,164
2009,1318,12,18,690,1181,815,980,-125,201
2009,1319,19,6,1177,443,1365,362,-188,81
2009,1320,10,23,634,1600,726,1371,-92,229
2009,1321,13,17,722,1186,841,967,-119,219
2009,1322,20,8,1285,639,1697,585,-412,54
2009,1323,14,18,967,1484,1137,1141,-170,343
2009,1324,12,21,778,1678,915,1427,-137,251
2009,1325,17,15,991,1084,1206,874,-215,210
2009,1326,10,22,579,1555,693,1279,-114,276
2009,1328,5,27,368,2166,400,1770,-32,396
2009,1329,11,22,825,1852,946,1503,-121,349
2009,1330,10,21,567,1482,654,1230,-87,252
2009,1331,15,15,1007,1105,1131,869,-124,236
2009,1332,23,8,1459,629,1801,559,-342,70
2009,1333,17,12,924,790,1144,679,-220,111
2009,1334,12,18,740,1248,833,1035,-93,213
2009,1335,18,10,1147,688,1362,573,-215,115
2009,1336,11,22,657,1521,777,1272,-120,249
2009,1337,23,7,1346,460,1773,420,-427,40
2009,1338,4,27,253,2156,291,1698,-38,458
2009,1339,12,19,799,1374,912,1160,-113,214
2009,1340,9,22,632,1653,698,1421,-66,232
2009,1341,16,13,988,990,1204,851,-216,139
2009,1342,17,12,938,791,1180,687,-242,104
2009,1343,14,12,736,761,864,637,-128,124
2009,1344,13,19,936,1575,1118,1335,-182,240
2009,1345,9,25,583,1775,660,1350,-77,425
2009,1346,16,15,1004,1054,1156,932,-152,122
2009,1347,11,18,744,1425,902,1202,-158,223
2009,1348,10,22,724,1832,767,1557,-43,275
2009,1349,22,10,1283,757,1598,675,-315,82
2009,1350,15,17,989,1230,1101,1051,-112,179
2009,1351,12,19,821,1418,937,1255,-116,163
2009,1352,10,24,620,1785,750,1461,-130,324
2009,1353,21,11,1296,725,1543,588,-247,137
2009,1354,14,13,909,910,1055,775,-146,135
2009,1355,20,11,1306,813,1512,708,-206,105
2009,1356,18,12,1081,819,1282,703,-201,116
2009,1357,14,17,920,1357,1042,1125,-122,232
2009,1358,12,14,815,1133,898,972,-83,161
2009,1359,16,14,880,947,1097,787,-217,160
2009,1360,16,14,870,942,1041,815,-171,127
2009,1361,9,22,535,1555,618,1246,-83,309
2009,1362,19,9,1208,668,1440,610,-232,58
2009,1363,17,11,1099,764,1245,697,-146,67
2009,1364,15,15,925,1041,1072,894,-147,147
2009,1365,17,14,1025,1004,1175,857,-150,147
2009,1366,14,11,704,688,997,606,-293,82
2009,1367,21,9,1174,638,1512,543,-338,95
2009,1368,17,9,1057,683,1215,557,-158,126
2009,1369,27,2,1801,145,2226,140,-425,5
2009,1370,8,13,494,933,598,776,-104,157
2009,1371,15,16,1075,1209,1248,1003,-173,206
2009,1372,7,20,370,1364,434,1134,-64,230
2009,1373,7,26,525,2038,587,1724,-62,314
2009,1374,21,8,1279,566,1517,478,-238,88
2009,1375,13,19,816,1397,951,1197,-135,200
2009,1376,9,21,698,1664,783,1356,-85,308
2009,1377,7,5,469,481,559,370,-90,111
2009,1378,22,9,1238,592,1520,482,-282,110
2009,1379,17,12,1052,871,1254,735,-202,136
2009,1380,21,8,1243,583,1522,504,-279,79
2009,1381,19,10,1127,740,1338,628,-211,112
2009,1382,15,15,988,1115,1162,973,-174,142
2009,1383,20,10,1239,731,1466,662,-227,69
2009,1384,23,6,1359,412,1681,360,-322,52
2009,1385,17,16,1013,1160,1293,930,-280,230
2009,1386,15,17,910,1274,1029,1091,-119,183
2009,1387,14,17,782,1147,935,976,-153,171
2009,1388,6,24,370,1813,453,1486,-83,327
2009,1389,19,11,1068,712,1283,628,-215,84
2009,1390,13,18,879,1381,1026,1109,-147,272
2009,1391,17,11,1090,760,1326,661,-236,99
2009,1392,14,15,897,959,1003,785,-106,174
2009,1393,9,25,640,2113,735,1744,-95,369
2009,1394,15,15,857,1144,1069,965,-212,179
2009,1395,17,13,1010,888,1193,757,-183,131
2009,1396,11,22,708,1568,805,1287,-97,281
2009,1397,12,21,835,1755,945,1443,-110,312
2009,1398,17,11,1141,850,1395,773,-254,77
2009,1399,18,10,1209,837,1402,699,-193,138
2009,1400,11,22,736,1651,813,1347,-77,304
2009,1401,9,23,573,1722,650,1473,-77,249
2009,1402,16,10,1210,811,1353,693,-143,118
2009,1403,19,13,1367,1029,1615,877,-248,152
2009,1404,9,20,587,1636,696,1359,-109,277
2009,1405,25,6,1407,409,1739,372,-332,37
2009,1406,22,12,1354,859,1652,747,-298,112
2009,1407,12,18,877,1452,1041,1268,-164,184
2009,1408,17,13,1011,919,1218,778,-207,141
2009,1409,10,23,569,1646,689,1344,-120,302
2009,1410,17,6,1022,406,1226,372,-204,34
2009,1411,25,7,1514,549,1867,487,-353,62
2009,1412,11,22,731,1666,843,1331,-112,335
2009,1413,19,13,1322,1016,1482,890,-160,126
2009,1414,19,12,1171,857,1382,752,-211,105
2009,1415,13,16,707,1037,860,924,-153,113
2009,1416,14,16,877,1235,1068,1030,-191,205
2009,1417,8,25,524,1984,575,1513,-51,471
2009,1418,20,9,1243,671,1470,588,-227,83
2009,1419,20,9,1218,646,1516,596,-298,50
2009,1420,17,14,1016,995,1253,900,-237,95
2009,1421,16,12,1054,957,1357,845,-303,112
2009,1422,25,4,1466,332,1841,297,-375,35
2009,1423,25,7,1652,628,2099,574,-447,54
2009,1424,10,21,628,1512,707,1284,-79,228
2009,1425,12,21,777,1479,863,1232,-86,247
2009,1426,14,13,1005,1079,1094,927,-89,152
2009,1427,13,16,918,1172,1034,1061,-116,111
2009,1428,8,24,502,1769,567,1464,-65,305
2009,1429,4,29,254,2152,293,1768,-39,384
2009,1430,11,15,667,1143,766,898,-99,245
2009,1431,12,19,889,1452,1000,1229,-111,223
2009,1433,9,24,661,1715,707,1384,-46,331
2009,1434,22,7,1259,476,1555,373,-296,103
2009,1435,12,19,753,1432,899,1134,-146,298
2009,1436,8,23,575,1812,645,1434,-70,378
2009,1437,7,26,454,2072,514,1697,-60,375
2009,1438,18,10,1154,806,1343,686,-189,120
2009,1439,14,18,936,1352,1028,1185,-92,167
2009,1440,8,20,677,1848,764,1643,-87,205
2009,1441,15,14,997,1066,1173,949,-176,117
2009,1442,20,8,1130,496,1373,459,-243,37
2009,1443,8,23,536,1699,657,1418,-121,281
2009,1444,21,10,1242,676,1435,569,-193,107
2009,1445,22,6,1182,406,1546,362,-364,44
2009,1447,14,16,834,1187,1032,1017,-198,170
2009,1448,6,24,428,2013,491,1618,-63,395
2009,1449,8,25,606,1999,679,1618,-73,381
2009,1450,15,17,789,1108,933,828,-144,280
2009,1451,9,20,555,1494,668,1260,-113,234
2009,1452,11,23,655,1806,751,1344,-96,462
2009,1453,9,22,591,1678,663,1382,-72,296
2009,1454,14,16,871,1150,1054,995,-183,155
2009,1455,16,16,932,1066,1075,906,-143,160
2009,1456,20,9,1139,622,1362,491,-223,131
2009,1457,19,10,1143,623,1393,556,-250,67
2009,1458,12,19,715,1281,794,1035,-79,246
2009,1459,14,15,884,1099,1059,970,-175,129
2009,1460,13,20,718,1277,867,1030,-149,247
2009,1461,13,17,886,1318,1083,1166,-197,152
2009,1462,7,25,443,1873,499,1498,-56,375
2009,1463,15,12,842,844,1008,713,-166,131
2009,1464,19,9,1173,631,1365,583,-192,48
2010,1102,21,8,1062,551,1382,444,-320,107
2010,1103,10,23,630,1714,740,1453,-110,261
2010,1104,15,17,956,1236,1053,1020,-97,216
2010,1105,15,8,888,580,1131,486,-243,94
2010,1106,15,13,855,938,1051,809,-196,129
2010,1107,25,7,1496,511,1782,430,-286,81
2010,1108,29,2,1756,124,2421,121,-665,3
2010,1110,20,11,1178,763,1402,681,-224,82
2010,1111,11,20,703,1568,809,1329,-106,239
2010,1112,15,16,971,1258,1130,1103,-159,155
2010,1113,10,22,580,1556,694,1177,-114,379
2010,1114,22,6,1405,445,1665,404,-260,41
2010,1115,15,17,934,1127,1113,957,-179,170
2010,1116,18,14,1253,1138,1465,901,-212,237
2010,1117,14,15,886,1083,1037,921,-151,162
2010,1119,15,13,884,803,1051,661,-167,142
2010,1120,17,14,1202,1124,1361,940,-159,184
2010,1122,15,15,1023,1113,1176,1025,-153,88
2010,1123,15,14,796,953,991,825,-195,128
2010,1124,7,24,517,1861,556,1507,-39,354
2010,1125,12,19,787,1479,904,1220,-117,259
2010,1126,16,14,834,920,1039,788,-205,132
2010,1127,18,11,1009,780,1295,682,-286,98
2010,1129,17,14,1204,1090,1384,889,-180,201
2010,1130,16,15,1006,1139,1146,902,-140,237
2010,1131,13,19,850,1416,1008,1132,-158,284
2010,1132,16,13,952,870,1161,770,-209,100
2010,1133,15,16,942,1149,1090,999,-148,150
2010,1135,20,9,1282,648,1545,575,-263,73
2010,1136,29,1,1503,53,2034,51,-531,2
2010,1137,17,14,1091,986,1257,850,-166,136
2010,1138,12,17,806,1271,974,1096,-168,175
2010,1139,4,28,264,1979,291,1630,-27,349
2010,1140,5,28,354,2372,388,1779,-34,593
2010,1141,15,14,895,960,1049,806,-154,154
2010,1142,19,12,1216,960,1453,882,-237,78
2010,1143,10,23,708,1865,802,1455,-94,410
2010,1144,11,17,668,1227,796,994,-128,233
2010,1145,17,15,1065,1060,1248,912,-183,148
2010,1146,20,6,1166,441,1412,369,-246,72
2010,1147,21,6,1367,486,1736,443,-369,43
2010,1148,18,12,1005,829,1248,687,-243,142
2010,1149,17,9,1018,654,1208,588,-190,66
2010,1150,12,19,778,1498,974,1231,-196,267
2010,1151,18,13,1135,979,1431,834,-296,145
2010,1152,22,6,1266,411,1639,362,-373,49
2010,1153,15,18,933,1333,1062,1122,-129,211
2010,1154,16,14,888,929,1050,782,-162,147
2010,1155,10,21,627,1645,707,1272,-80,373
2010,1156,17,14,1049,1022,1249,870,-200,152
2010,1157,6,24,352,1817,412,1436,-60,381
2010,1158,11,21,736,1645,886,1435,-150,210
2010,1159,19,10,1208,747,1426,643,-218,104
2010,1160,16,13,1107,1049,1305,871,-198,178
2010,1161,15,15,894,1087,1115,903,-221,184
2010,1162,17,11,924,762,1161,667,-237,95
2010,1163,15,17,941,1317,1059,1085,-118,232
2010,1164,22,5,1256,366,1553,294,-297,72
2010,1165,4,25,282,1898,327,1545,-45,353
2010,1166,15,16,950,1201,1095,1025,-145,176
2010,1167,22,7,1442,465,1744,419,-302,46
2010,1168,15,14,998,1115,1136,1011,-138,104
2010,1169,21,11,1423,859,1632,780,-209,79
2010,1170,21,7,1287,484,1591,432,-304,52
2010,1171,23,4,1200,230,1574,207,-374,23
2010,1172,15,14,982,1052,1123,940,-141,112
2010,1173,12,20,775,1456,824,1171,-49,285
2010,1174,24,7,1468,497,1789,462,-321,35
2010,1175,12,14,644,867,797,750,-153,117
2010,1176,13,19,727,1352,842,1170,-115,182
2010,1177,23,8,1374,517,1626,447,-252,70
2010,1178,14,19,862,1416,978,1203,-116,213
2010,1179,19,14,1121,1076,1292,967,-171,109
2010,1180,16,16,944,1100,1153,898,-209,202
2010,1181,5,29,359,2292,400,1698,-41,594
2010,1182,15,15,974,1151,1156,991,-182,160
2010,1183,12,17,679,1240,841,1078,-162,162
2010,1184,12,18,755,1341,885,1112,-130,229
2010,1185,15,15,934,1042,1087,885,-153,157
2010,1186,21,7,1328,548,1618,521,-290,27
2010,1187,21,7,1354,508,1694,437,-340,71
2010,1188,23,3,1349,222,1784,201,-435,21
2010,1189,23,8,1416,623,1704,563,-288,60
2010,1190,14,19,930,1348,1056,1135,-126,213
2010,1191,21,8,1289,563,1519,483,-230,80
2010,1192,21,11,1247,780,1574,705,-327,75
2010,1193,10,22,684,1574,776,1342,-92,232
2010,1194,16,12,1080,930,1241,802,-161,128
2010,1195,21,8,1282,593,1542,540,-260,53
2010,1196,12,21,822,1541,897,1262,-75,279
2010,1197,22,8,1306,573,1685,521,-379,52
2010,1198,25,6,1641,447,1993,394,-352,53
2010,1199,9,22,557,1566,639,1226,-82,340
2010,1200,26,2,1624,169,2077,143,-453,26
2010,1201,18,14,1095,1028,1298,850,-203,178
2010,1202,17,11,1114,788,1279,678,-165,110
2010,1203,14,16,903,1204,1017,1017,-114,187
2010,1204,23,7,1516,550,1875,518,-359,32
2010,1205,21,5,1365,379,1738,351,-373,28
2010,1206,14,17,832,1217,971,1089,-139,128
2010,1207,10,23,642,1775,715,1434,-73,341
2010,1208,17,14,1120,1008,1281,869,-161,139
2010,1209,20,11,1182,734,1357,629,-175,105
2010,1210,12,21,815,1578,897,1284,-82,294
2010,1211,6,25,392,2011,464,1640,-72,371
2010,1212,21,6,1297,412,1615,372,-318,40
2010,1214,18,14,1090,1012,1237,813,-147,199
2010,1216,22,8,1323,545,1621,479,-298,66
2010,1217,7,20,420,1566,496,1278,-76,288
2010,1218,20,9,1274,700,1546,580,-272,120
2010,1219,15,13,1030,935,1230,827,-200,108
2010,1220,14,18,866,1371,1030,1138,-164,233
2010,1221,22,9,1489,658,1689,534,-200,124
2010,1222,15,18,1110,1491,1212,1266,-102,225
2010,1223,21,12,1426,921,1789,815,-363,106
2010,1224,25,7,1391,477,1812,439,-421,38
2010,1225,16,13,1046,1007,1213,846,-167,161
2010,1226,22,5,1411,376,1706,355,-295,21
2010,1227,22,7,1312,492,1614,437,-302,55
2010,1228,14,19,926,1399,1040,1165,-114,234
2010,1229,10,22,619,1622,700,1352,-81,270
2010,1231,21,10,1259,794,1574,641,-315,153
2010,1232,14,16,874,1097,1019,983,-145,114
2010,1233,10,21,610,1440,718,1203,-108,237
2010,1234,22,10,1220,717,1525,587,-305,130
2010,1235,17,15,1139,1184,1295,959,-156,225
2010,1236,15,14,970,972,1151,849,-181,123
2010,1237,10,22,646,1703,749,1414,-103,289
2010,1238,12,18,667,1206,880,1058,-213,148
2010,1239,12,19,779,1394,935,1158,-156,236
2010,1240,19,9,1215,701,1437,590,-222,111
2010,1241,20,13,1241,969,1449,858,-208,111
2010,1242,2,32,145,2635,161,2008,-16,627
2010,1243,7,25,501,2042,553,1662,-52,380
2010,1244,20,11,1180,835,1425,745,-245,90
2010,1245,9,22,560,1626,654,1366,-94,260
2010,1246,2,32,127,2567,142,2077,-15,490
2010,1247,18,12,1187,924,1379,814,-192,110
2010,1248,13,19,805,1515,987,1300,-182,215
2010,1249,18,10,1169,721,1413,655,-244,66
2010,1250,10,22,695,1709,813,1428,-118,281
2010,1251,16,12,946,889,1211,766,-265,123
2010,1252,13,16,974,1294,1083,1104,-109,190
2010,1253,16,15,1078,1084,1280,941,-202,143
2010,1254,17,14,1134,1028,1326,899,-192,129
2010,1255,19,8,1281,620,1574,561,-293,59
2010,1256,10,23,642,1809,781,1535,-139,274
2010,1257,12,20,822,1621,938,1289,-116,332
2010,1258,15,17,1045,1366,1202,1221,-157,145
2010,1259,17,13,1024,925,1198,785,-174,140
2010,1260,16,12,946,855,1170,759,-224,96
2010,1261,20,11,1154,751,1429,630,-275,121
2010,1263,11,18,627,1171,789,1017,-162,154
2010,1264,20,11,1223,808,1435,649,-212,159
2010,1265,29,1,1612,72,2049,66,-437,6
2010,1266,11,22,691,1716,749,1369,-58,347
2010,1267,9,20,589,1627,686,1331,-97,296
2010,1268,8,22,545,1833,618,1423,-73,410
2010,1269,20,11,1338,830,1591,737,-253,93
2010,1270,20,7,1295,486,1522,435,-227,51
2010,1271,21,11,1221,724,1573,643,-352,81
2010,1272,9,23,568,1843,636,1436,-68,407
2010,1273,17,14,1200,1117,1388,983,-188,134
2010,1274,13,19,837,1445,943,1135,-106,310
2010,1275,18,14,1066,930,1235,789,-169,141
2010,1276,17,14,957,1005,1105,815,-148,190
2010,1277,8,24,544,1780,612,1426,-68,354
2010,1278,13,21,808,1671,940,1237,-132,434
2010,1279,10,21,692,1724,764,1409,-72,315
2010,1280,11,23,729,1738,799,1394,-70,344
2010,1281,10,22,625,1857,714,1392,-89,465
2010,1282,18,10,1127,717,1379,642,-252,75
2010,1283,12,20,797,1474,871,1234,-74,240
2010,1284,19,12,1154,822,1377,688,-223,134
2010,1285,9,20,525,1489,574,1229,-49,260
2010,1286,14,13,889,932,1024,826,-135,106
2010,1287,10,21,624,1551,708,1253,-84,298
2010,1288,9,27,637,2126,734,1795,-97,331
2010,1290,23,8,1386,569,1764,495,-378,74
2010,1291,15,16,929,1116,1089,870,-160,246
2010,1292,13,17,798,1225,909,1012,-111,213
2010,1293,4,28,288,2147,315,1638,-27,509
2010,1294,7,23,482,1716,541,1458,-59,258
2010,1295,18,9,1185,662,1334,588,-149,74
2010,1296,20,10,1269,748,1523,635,-254,113
2010,1298,17,13,1103,1035,1304,957,-201,78
2010,1299,22,8,1423,578,1683,503,-260,75
2010,1300,22,3,1201,219,1586,209,-385,10
2010,1301,15,19,908,1380,1051,1142,-143,238
2010,1304,18,15,1105,1089,1335,834,-230,255
2010,1305,12,19,873,1584,959,1370,-86,214
2010,1306,17,12,924,810,1143,685,-219,125
2010,1307,4,29,261,2268,295,1918,-34,350
2010,1308,11,21,782,1730,969,1527,-187,203
2010,1309,22,6,1225,414,1501,369,-276,45
2010,1310,15,18,1004,1378,1109,1180,-105,198
2010,1311,18,8,1100,552,1360,490,-260,62
2010,1312,21,7,1179,485,1566,379,-387,106
2010,1313,19,11,1327,792,1588,672,-261,120
2010,1314,16,16,1058,1348,1243,1071,-185,277
2010,1315,22,6,1292,440,1657,382,-365,58
2010,1316,18,12,1037,727,1307,653,-270,74
2010,1317,8,22,538,1666,613,1484,-75,182
2010,1318,12,20,713,1354,789,1135,-76,219
2010,1319,14,12,846,893,1080,794,-234,99
2010,1320,4,28,216,1810,243,1494,-27,316
2010,1321,13,20,843,1444,992,1170,-149,274
2010,1322,18,7,1266,594,1509,534,-243,60
2010,1323,11,23,782,1803,852,1490,-70,313
2010,1324,8,24,455,1952,635,1660,-180,292
2010,1325,14,20,924,1573,1011,1320,-87,253
2010,1326,7,27,430,2094,493,1588,-63,506
2010,1328,18,13,1212,1023,1441,842,-229,181
2010,1329,10,22,649,1729,770,1409,-121,320
2010,1330,8,26,465,1831,546,1397,-81,434
2010,1331,13,19,832,1395,948,1184,-116,211
2010,1332,16,16,991,1246,1235,1012,-244,234
2010,1333,17,14,933,918,1128,765,-195,153
2010,1334,11,20,643,1376,743,1121,-100,255
2010,1335,22,6,1323,428,1654,377,-331,51
2010,1336,20,11,1195,818,1354,651,-159,167
2010,1337,23,6,1451,456,1773,406,-322,50
2010,1338,8,24,463,1716,548,1416,-85,300
2010,1339,10,19,641,1419,785,1125,-144,294
2010,1340,19,11,1355,959,1592,802,-237,157
2010,1341,14,12,765,816,952,706,-187,110
2010,1342,26,4,1528,277,1967,250,-439,27
2010,1343,8,19,402,1183,467,962,-65,221
2010,1344,19,12,1518,1036,1711,836,-193,200
2010,1345,5,27,282,1993,337,1612,-55,381
2010,1346,9,23,576,1778,627,1486,-51,292
2010,1347,12,17,746,1278,908,1082,-162,196
2010,1348,9,23,570,1860,638,1603,-68,257
2010,1349,23,7,1407,503,1687,408,-280,95
2010,1350,8,26,499,1857,561,1555,-62,302
2010,1351,16,17,1020,1275,1247,1115,-227,160
2010,1352,11,23,666,1663,818,1415,-152,248
2010,1353,17,14,1090,1000,1359,874,-269,126
2010,1354,14,15,876,1129,1055,967,-179,162
2010,1355,16,12,1125,918,1295,776,-170,142
2010,1356,15,14,938,1082,1032,925,-94,157
2010,1357,15,14,1022,1065,1202,921,-180,144
2010,1358,7,21,550,1687,631,1394,-81,293
2010,1359,20,8,1106,502,1333,409,-227,93
2010,1360,21,10,1244,668,1488,566,-244,102
2010,1361,8,23,545,1619,608,1325,-63,294
2010,1362,18,10,1131,764,1384,672,-253,92
2010,1363,17,13,1188,1012,1398,881,-210,131
2010,1364,9,19,529,1363,640,1207,-111,156
2010,1365,21,9,1284,617,1541,564,-257,53
2010,1366,15,7,789,431,986,380,-197,51
2010,1367,23,6,1325,416,1608,358,-283,58
2010,1368,12,15,781,1137,900,950,-119,187
2010,1369,23,6,1369,442,1750,362,-381,80
2010,1370,14,17,1100,1389,1280,1208,-180,181
2010,1371,12,19,857,1637,967,1360,-110,277
2010,1372,9,20,505,1364,597,1131,-92,233
2010,1373,6,27,390,2100,463,1691,-73,409
2010,1374,17,12,1009,898,1145,739,-136,159
2010,1375,15,15,921,1051,1117,956,-196,95
2010,1376,16,15,1039,1188,1213,984,-174,204
2010,1377,9,18,585,1466,739,1256,-154,210
2010,1378,12,20,702,1467,849,1269,-147,198
2010,1379,13,16,749,1070,851,886,-102,184
2010,1380,24,5,1356,362,1755,332,-399,30
2010,1381,22,5,1303,368,1687,326,-384,42
2010,1382,16,14,1017,1080,1224,893,-207,187
2010,1383,18,11,1044,709,1232,652,-188,57
2010,1384,19,11,1140,735,1468,636,-328,99
2010,1385,15,17,934,1216,1083,1012,-149,204
2010,1386,20,11,1311,830,1600,730,-289,100
2010,1387,11,19,603,1293,710,1091,-107,202
2010,1388,5,25,337,2027,381,1607,-44,420
2010,1389,14,16,782,1081,916,892,-134,189
2010,1390,18,14,1204,1008,1399,838,-195,170
2010,1391,22,5,1251,338,1660,305,-409,33
2010,1392,9,21,547,1505,654,1264,-107,241
2010,1393,4,28,284,2323,317,1823,-33,500
2010,1394,15,14,929,1028,1095,839,-166,189
2010,1395,19,11,1204,802,1447,691,-243,111
2010,1396,5,29,263,1945,330,1579,-67,366
2010,1397,8,25,506,1924,625,1518,-119,406
2010,1398,23,9,1449,705,1741,633,-292,72
2010,1399,17,13,1182,1001,1479,905,-297,96
2010,1400,9,24,631,2050,733,1567,-102,483
2010,1401,9,22,598,1610,674,1333,-76,277
2010,1402,16,11,1122,933,1312,847,-190,86
2010,1403,15,17,1086,1355,1278,1161,-192,194
2010,1404,25,2,1569,141,1967,122,-398,19
2010,1405,28,3,1475,194,1910,181,-435,13
2010,1406,21,10,1339,785,1656,707,-317,78
2010,1407,12,17,818,1259,956,1124,-138,135
2010,1408,22,8,1262,602,1487,518,-225,84
2010,1409,11,22,707,1647,849,1313,-142,334
2010,1410,27,6,1628,391,2055,327,-427,64
2010,1411,16,15,952,1111,1138,917,-186,194
2010,1412,8,23,501,1583,564,1328,-63,255
2010,1413,18,12,1145,903,1360,790,-215,113
2010,1414,18,12,1112,887,1308,793,-196,94
2010,1415,17,10,979,682,1157,578,-178,104
2010,1416,17,14,1050,1003,1276,846,-226,157
2010,1417,18,14,1118,1021,1330,865,-212,156
2010,1418,16,12,1016,873,1136,753,-120,120
2010,1419,19,10,1252,683,1461,632,-209,51
2010,1420,26,4,1621,272,1983,232,-362,40
2010,1421,16,12,1005,1000,1298,899,-293,101
2010,1422,23,8,1399,567,1737,489,-338,78
2010,1423,22,9,1350,701,1620,595,-270,106
2010,1424,8,24,508,1820,577,1470,-69,350
2010,1425,14,16,757,1032,871,844,-114,188
2010,1426,14,12,949,936,1088,837,-139,99
2010,1427,11,16,694,1167,788,1015,-94,152
2010,1428,17,14,1110,949,1280,778,-170,171
2010,1429,7,26,428,2000,481,1505,-53,495
2010,1430,18,8,1040,550,1259,475,-219,75
2010,1431,6,26,454,1971,503,1551,-49,420
2010,1433,9,22,619,1719,673,1364,-54,355
2010,1434,17,12,1164,933,1358,833,-194,100
2010,1435,8,23,506,1898,576,1591,-70,307
2010,1436,9,25,561,1840,677,1511,-116,329
2010,1437,7,24,514,2045,575,1684,-61,361
2010,1438,16,15,923,1106,1096,875,-173,231
2010,1439,8,23,527,1728,605,1407,-78,321
2010,1440,19,6,1582,570,1924,515,-342,55
2010,1441,11,19,726,1452,869,1255,-143,197
2010,1442,17,10,932,611,1142,521,-210,90
2010,1443,13,21,842,1580,938,1331,-96,249
2010,1444,15,17,982,1219,1121,1029,-139,190
2010,1445,17,8,928,543,1290,490,-362,53
2010,1447,26,5,1534,350,1836,328,-302,22
2010,1448,10,19,634,1482,749,1236,-115,246
2010,1449,9,24,625,2008,727,1581,-102,427
2010,1450,15,15,989,1153,1153,969,-164,184
2010,1451,10,18,690,1447,776,1218,-86,229
2010,1452,6,27,433,1975,472,1633,-39,342
2010,1453,12,19,706,1412,869,1223,-163,189
2010,1454,14,18,880,1339,997,1190,-117,149
2010,1455,9,24,533,1745,609,1429,-76,316
2010,1456,10,21,614,1433,701,1300,-87,133
2010,1457,13,17,718,1159,883,975,-165,184
2010,1458,8,23,462,1630,525,1217,-63,413
2010,1459,8,25,515,1763,561,1481,-46,282
2010,1460,12,20,733,1430,821,1129,-88,301
2010,1461,21,8,1318,629,1607,558,-289,71
2010,1462,8,24,563,1998,632,1578,-69,420
2010,1463,19,11,1245,730,1494,592,-249,138
2010,1464,22,6,1392,441,1623,381,-231,60
2011,1102,14,14,805,994,980,834,-175,160
2011,1103,12,22,754,1625,895,1360,-141,265
2011,1104,11,21,665,1468,773,1123,-108,345
2011,1105,15,10,888,682,1084,572,-196,110
2011,1106,17,15,930,1040,1207,855,-277,185
2011,1107,16,16,924,1089,1125,923,-201,166
2011,1108,24,4,1529,309,1973,285,-444,24
2011,1110,9,22,512,1539,627,1346,-115,193
2011,1111,15,14,1010,1063,1184,943,-174,120
2011,1112,7,27,468,2134,548,1746,-80,388
2011,1113,19,12,1152,831,1364,709,-212,122
2011,1114,16,17,1021,1166,1214,1015,-193,151
2011,1115,24,7,1347,503,1777,444,-430,59
2011,1116,13,18,794,1397,943,1126,-149,271
2011,1117,15,15,924,1059,1093,892,-169,167
2011,1119,19,10,1231,741,1446,646,-215,95
2011,1120,20,10,1147,708,1370,631,-223,77
2011,1122,13,18,877,1340,981,1117,-104,223
2011,1123,12,18,739,1286,873,1071,-134,215
2011,1124,13,17,814,1276,951,983,-137,293
2011,1125,4,30,281,2451,309,1797,-28,654
2011,1126,12,17,680,1192,878,1061,-198,131
2011,1127,23,8,1286,575,1628,495,-342,80
2011,1129,12,19,827,1460,920,1182,-93,278
2011,1130,12,20,746,1545,882,1325,-136,220
2011,1131,13,21,795,1422,921,1229,-126,193
2011,1132,19,13,1120,915,1353,807,-233,108
2011,1133,20,11,1244,766,1438,671,-194,95
2011,1135,17,10,1127,787,1315,684,-188,103
2011,1136,21,8,1357,573,1680,536,-323,37
2011,1137,8,25,533,1802,610,1483,-77,319
2011,1138,13,17,860,1273,945,1011,-85,262
2011,1139,9,22,595,1652,670,1345,-75,307
2011,1140,4,29,274,2408,326,1913,-52,495
2011,1141,21,9,1157,621,1388,558,-231,63
2011,1142,14,15,780,952,909,807,-129,145
2011,1143,14,17,966,1276,1132,1087,-166,189
2011,1144,19,11,1137,818,1332,695,-195,123
2011,1145,15,15,975,1068,1135,889,-160,179
2011,1146,24,2,1569,147,1942,132,-373,15
2011,1147,27,1,1570,73,2209,60,-639,13
2011,1148,12,19,774,1396,872,1173,-98,223
2011,1149,16,12,1009,925,1148,794,-139,131
2011,1150,20,10,1299,698,1507,623,-208,75
2011,1151,16,14,999,1079,1281,1000,-282,79
2011,1152,25,4,1590,295,2279,268,-689,27
2011,1153,8,25,452,1824,557,1397,-105,427
2011,1154,22,8,1342,568,1652,468,-310,100
2011,1155,11,21,708,1476,767,1183,-59,293
2011,1156,8,24,530,1730,608,1448,-78,282
2011,1157,5,24,290,1851,343,1549,-53,302
2011,1158,10,24,668,1920,757,1575,-89,345
2011,1159,23,7,1373,574,1747,523,-374,51
2011,1160,13,20,947,1667,1071,1364,-124,303
2011,1161,12,18,797,1328,912,1142,-115,186
2011,1162,13,14,846,1072,989,940,-143,132
2011,1163,9,26,589,1980,665,1658,-76,322
2011,1164,14,13,947,1001,1100,876,-153,125
2011,1165,18,10,1134,772,1289,673,-155,99
2011,1166,14,19,866,1338,965,1136,-99,202
2011,1167,19,9,1199,708,1522,645,-323,63
2011,1168,20,10,1357,775,1559,719,-202,56
2011,1169,18,12,1138,910,1376,786,-238,124
2011,1170,21,5,1241,339,1528,311,-287,28
2011,1171,23,5,1314,353,1684,304,-370,49
2011,1172,14,16,934,1173,1070,990,-136,183
2011,1173,13,22,765,1564,907,1352,-142,212
2011,1174,17,14,1057,894,1270,795,-213,99
2011,1175,21,7,1226,482,1447,423,-221,59
2011,1176,17,13,889,911,1090,727,-201,184
2011,1177,24,7,1541,563,1892,486,-351,77
2011,1178,16,16,1090,1276,1239,1096,-149,180
2011,1179,18,13,1043,954,1318,782,-275,172
2011,1180,10,21,572,1403,686,1164,-114,239
2011,1181,4,30,266,2490,304,1881,-38,609
2011,1182,12,17,803,1419,874,1083,-71,336
2011,1183,20,7,1176,436,1395,393,-219,43
2011,1184,16,13,952,908,1124,761,-172,147
2011,1185,22,6,1287,382,1520,317,-233,65
2011,1186,20,8,1209,606,1460,531,-251,75
2011,1187,15,15,919,1098,1087,966,-168,132
2011,1188,21,4,1247,308,1736,287,-489,21
2011,1189,17,11,1148,876,1361,753,-213,123
2011,1190,11,21,628,1546,743,1303,-115,243
2011,1191,15,14,876,1018,1078,882,-202,136
2011,1192,24,5,1497,369,1778,330,-281,39
2011,1193,7,24,422,1598,490,1302,-68,296
2011,1194,10,19,618,1329,735,1183,-117,146
2011,1195,20,10,1223,747,1543,642,-320,105
2011,1196,7,26,452,1909,510,1571,-58,338
2011,1197,20,8,1239,484,1511,439,-272,45
2011,1198,19,9,1322,670,1523,612,-201,58
2011,1199,10,21,574,1575,669,1261,-95,314
2011,1200,21,7,1277,518,1618,451,-341,67
2011,1201,17,13,1033,989,1239,808,-206,181
2011,1202,10,20,595,1459,729,1210,-134,249
2011,1203,14,17,801,1210,973,1052,-172,158
2011,1204,27,2,1673,139,2057,125,-384,14
2011,1205,21,9,1230,601,1502,524,-272,77
2011,1206,6,26,413,1934,468,1501,-55,433
2011,1207,10,21,570,1632,677,1372,-107,260
2011,1208,11,21,706,1496,786,1271,-80,225
2011,1209,19,12,1070,849,1242,746,-172,103
2011,1210,18,13,1169,933,1368,711,-199,222
2011,1211,9,23,630,1798,713,1373,-83,425
2011,1212,21,12,1176,822,1528,734,-352,88
2011,1214,8,23,490,1584,537,1381,-47,203
2011,1216,20,11,1137,720,1365,631,-228,89
2011,1217,6,21,359,1578,410,1340,-51,238
2011,1218,12,17,759,1235,906,1054,-147,181
2011,1219,19,10,1152,722,1440,676,-288,46
2011,1220,11,20,675,1488,849,1312,-174,176
2011,1221,21,8,1342,607,1489,513,-147,94
2011,1222,18,10,1163,732,1322,664,-159,68
2011,1223,24,5,1601,408,1906,384,-305,24
2011,1224,24,6,1359,394,1738,360,-379,34
2011,1225,13,17,821,1192,966,1013,-145,179
2011,1226,20,7,1200,531,1487,484,-287,47
2011,1227,24,6,1452,397,1741,357,-289,40
2011,1228,13,19,829,1452,917,1170,-88,282
2011,1229,19,12,1085,808,1263,714,-178,94
2011,1231,20,12,1300,926,1510,672,-210,254
2011,1232,13,19,827,1280,972,1101,-145,179
2011,1233,11,22,780,1827,826,1457,-46,370
2011,1234,20,11,1299,785,1514,596,-215,189
2011,1235,16,16,1107,1288,1277,980,-170,308
2011,1236,12,17,778,1347,953,1085,-175,262
2011,1237,14,17,885,1293,1045,1095,-160,198
2011,1238,15,15,871,1064,1057,865,-186,199
2011,1239,11,18,702,1254,806,1084,-104,170
2011,1240,25,4,1488,261,1685,231,-197,30
2011,1241,11,21,736,1554,809,1363,-73,191
2011,1242,2,32,131,2670,158,2060,-27,610
2011,1243,10,21,611,1643,726,1324,-115,319
2011,1244,23,7,1419,516,1795,463,-376,53
2011,1245,11,22,701,1614,802,1381,-101,233
2011,1246,8,25,566,1956,603,1504,-37,452
2011,1247,18,15,1324,1212,1519,1076,-195,136
2011,1248,19,12,1217,925,1431,806,-214,119
2011,1249,17,9,1209,784,1355,657,-146,127
2011,1250,15,16,1033,1249,1154,1078,-121,171
2011,1251,13,16,788,1129,929,1010,-141,119
2011,1252,13,16,843,1341,996,1139,-153,202
2011,1253,11,20,764,1479,902,1263,-138,216
2011,1254,5,27,349,2294,390,1974,-41,320
2011,1255,19,8,1270,667,1689,583,-419,84
2011,1256,20,11,1190,771,1452,664,-262,107
2011,1257,9,25,578,1984,645,1552,-67,432
2011,1258,21,9,1410,677,1589,590,-179,87
2011,1259,15,15,910,1113,1059,952,-149,161
2011,1260,15,16,941,1212,1093,972,-152,240
2011,1261,21,11,1193,798,1486,644,-293,154
2011,1263,15,14,986,1008,1141,825,-155,183
2011,1264,25,6,1469,393,1785,376,-316,17
2011,1265,27,6,1563,416,2021,362,-458,54
2011,1266,14,20,960,1627,1067,1281,-107,346
2011,1267,11,20,710,1540,803,1306,-93,234
2011,1268,14,19,959,1577,1096,1135,-137,442
2011,1269,15,14,918,987,1143,840,-225,147
2011,1270,11,17,717,1293,869,1132,-152,161
2011,1271,22,7,1342,566,1728,526,-386,40
2011,1272,9,25,570,1879,697,1618,-127,261
2011,1273,18,14,1191,962,1355,859,-164,103
2011,1274,14,19,893,1456,979,1241,-86,215
2011,1275,16,15,922,1133,1153,1033,-231,100
2011,1276,13,19,740,1356,859,1145,-119,211
2011,1277,14,18,843,1337,1000,1111,-157,226
2011,1278,14,17,873,1264,977,1099,-104,165
2011,1279,13,20,881,1558,1009,1264,-128,294
2011,1280,14,17,924,1241,1095,1082,-171,159
2011,1281,10,22,746,1841,846,1453,-100,388
2011,1282,14,15,933,1096,1202,956,-269,140
2011,1283,8,25,492,1791,553,1499,-61,292
2011,1284,21,9,1216,602,1427,549,-211,53
2011,1285,10,19,560,1352,668,1094,-108,258
2011,1286,18,11,1088,805,1296,707,-208,98
2011,1287,9,22,511,1624,586,1337,-75,287
2011,1288,14,17,875,1186,1047,1024,-172,162
2011,1290,19,13,1147,1039,1522,871,-375,168
2011,1291,21,11,1209,731,1499,625,-290,106
2011,1292,16,15,1044,1084,1175,900,-131,184
2011,1293,8,21,470,1470,542,1226,-72,244
2011,1294,10,19,662,1398,758,1175,-96,223
2011,1295,15,12,1058,939,1160,784,-102,155
2011,1296,21,8,1363,611,1592,550,-229,61
2011,1298,20,10,1273,766,1536,656,-263,110
2011,1299,17,12,1092,935,1370,825,-278,110
2011,1300,15,11,906,809,1107,738,-201,71
2011,1301,16,15,1016,1175,1232,952,-216,223
2011,1304,12,19,753,1322,834,1026,-81,296
2011,1305,19,12,1207,960,1377,838,-170,122
2011,1306,18,11,970,700,1156,623,-186,77
2011,1307,12,20,808,1540,892,1229,-84,311
2011,1308,17,14,1114,1077,1303,905,-189,172
2011,1310,23,9,1368,598,1714,536,-346,62
2011,1311,14,10,802,687,958,560,-156,127
2011,1312,15,11,946,805,1146,697,-200,108
2011,1313,20,12,1332,906,1611,779,-279,127
2011,1314,7,26,464,2066,533,1703,-69,363
2011,1315,14,15,820,1129,1025,1008,-205,121
2011,1316,19,15,1156,1052,1493,938,-337,114
2011,1317,11,20,757,1584,895,1335,-138,249
2011,1318,20,11,1228,836,1406,777,-178,59
2011,1319,12,17,812,1236,901,1012,-89,224
2011,1320,13,18,748,1201,860,1034,-112,167
2011,1321,13,18,786,1434,959,1145,-173,289
2011,1322,13,16,938,1284,1127,1149,-189,135
2011,1323,6,26,362,2070,448,1652,-86,418
2011,1324,9,24,660,2148,774,1752,-114,396
2011,1325,15,18,1058,1408,1209,1193,-151,215
2011,1326,2,32,130,2491,147,1887,-17,604
2011,1328,17,14,1005,1042,1262,869,-257,173
2011,1329,13,19,762,1421,911,1225,-149,196
2011,1330,6,27,336,1837,401,1523,-65,314
2011,1331,15,19,1049,1509,1179,1301,-130,208
2011,1332,17,15,1098,1097,1305,916,-207,181
2011,1333,20,11,1286,861,1521,735,-235,126
2011,1334,15,14,890,989,1022,810,-132,179
2011,1335,15,13,947,921,1122,784,-175,137
2011,1336,14,19,865,1215,1027,1033,-162,182
2011,1337,21,11,1358,842,1615,756,-257,86
2011,1338,5,27,319,2051,337,1614,-18,437
2011,1339,11,20,720,1488,854,1262,-134,226
2011,1340,16,13,1030,1047,1228,944,-198,103
2011,1341,22,7,1262,494,1649,422,-387,72
2011,1342,18,13,1018,897,1262,804,-244,93
2011,1343,6,24,385,1700,453,1465,-68,235
2011,1344,17,15,1231,1195,1425,986,-194,209
2011,1345,7,25,429,1896,497,1469,-68,427
2011,1346,9,22,625,1602,684,1398,-59,204
2011,1347,24,2,1377,131,1753,125,-376,6
2011,1348,13,19,811,1375,954,1188,-143,187
2011,1349,18,12,1170,840,1315,725,-145,115
2011,1350,7,27,451,1935,523,1551,-72,384
2011,1351,10,23,647,1789,761,1495,-114,294
2011,1352,14,18,886,1267,1045,1050,-159,217
2011,1353,17,15,1061,1061,1211,890,-150,171
2011,1354,22,6,1367,425,1645,375,-278,50
2011,1355,12,17,916,1439,1033,1115,-117,324
2011,1356,19,13,1088,865,1319,760,-231,105
2011,1357,18,11,1112,810,1308,709,-196,101
2011,1358,13,14,848,1033,967,873,-119,160
2011,1359,19,10,1079,664,1343,608,-264,56
2011,1360,24,4,1378,283,1733,258,-355,25
2011,1361,2,30,125,2148,151,1734,-26,414
2011,1362,14,15,859,1119,1023,1003,-164,116
2011,1363,15,16,1004,1218,1156,1102,-152,116
2011,1364,13,16,813,1155,923,984,-110,171
2011,1365,14,17,919,1320,1061,1159,-142,161
2011,1366,18,8,958,510,1183,457,-225,53
2011,1367,25,5,1392,354,1764,327,-372,27
2011,1368,14,12,809,921,996,826,-187,95
2011,1369,22,9,1354,662,1652,577,-298,85
2011,1370,20,11,1387,751,1687,665,-300,86
2011,1371,18,13,1047,1045,1202,837,-155,208
2011,1372,11,14,590,974,683,770,-93,204
2011,1373,18,13,1179,924,1346,823,-167,101
2011,1374,14,14,838,968,947,811,-109,157
2011,1375,16,10,1019,779,1253,687,-234,92
2011,1376,16,14,976,1051,1183,887,-207,164
2011,1377,15,14,1052,1184,1183,1031,-131,153
2011,1378,23,10,1343,701,1573,623,-230,78
2011,1379,10,19,668,1445,742,1182,-74,263
2011,1380,24,3,1331,180,1783,164,-452,16
2011,1381,18,10,1211,729,1447,615,-236,114
2011,1382,14,16,887,1215,1033,1067,-146,148
2011,1383,15,15,940,1062,1104,886,-164,176
2011,1384,21,9,1271,686,1589,598,-318,88
2011,1385,11,21,706,1536,826,1299,-120,237
2011,1386,22,11,1343,786,1595,706,-252,80
2011,1387,19,11,1119,762,1301,587,-182,175
2011,1388,8,23,547,1880,630,1441,-83,439
2011,1389,13,20,706,1320,865,1112,-159,208
2011,1390,16,15,961,1097,1143,877,-182,220
2011,1391,22,8,1345,586,1635,532,-290,54
2011,1392,17,14,955,916,1118,773,-163,143
2011,1393,7,26,472,1957,536,1554,-64,403
2011,1394,21,7,1202,499,1520,467,-318,32
2011,1395,22,11,1314,906,1582,736,-268,170
2011,1396,7,25,433,1837,491,1498,-58,339
2011,1397,14,19,918,1413,1002,1219,-84,194
2011,1398,16,12,1053,822,1204,738,-151,84
2011,1399,12,17,813,1290,933,1158,-120,132
2011,1400,7,27,502,2045,544,1543,-42,502
2011,1401,8,23,456,1671,542,1364,-86,307
2011,1402,15,14,1115,1096,1306,956,-191,140
2011,1403,19,13,1295,1047,1528,883,-233,164
2011,1404,21,10,1385,722,1725,623,-340,99
2011,1405,28,3,1550,223,2008,195,-458,28
2011,1406,26,4,1710,343,1965,314,-255,29
2011,1407,21,7,1424,552,1689,495,-265,57
2011,1408,17,10,1010,808,1153,654,-143,154
2011,1409,13,19,840,1415,937,1228,-97,187
2011,1410,25,3,1623,218,1938,187,-315,31
2011,1411,12,19,704,1278,872,1132,-168,146
2011,1412,8,22,528,1539,586,1284,-58,255
2011,1413,20,8,1327,659,1540,552,-213,107
2011,1414,19,12,1331,981,1497,859,-166,122
2011,1415,19,10,1120,749,1376,692,-256,57
2011,1416,11,18,692,1265,796,1033,-104,232
2011,1417,10,22,671,1568,758,1347,-87,221
2011,1418,14,13,921,969,1052,872,-131,97
2011,1419,24,5,1358,344,1690,311,-332,33
2011,1420,25,5,1548,380,1992,362,-444,18
2011,1421,13,16,893,1189,1025,970,-132,219
2011,1422,24,7,1660,544,2017,484,-357,60
2011,1423,18,13,1065,910,1270,797,-205,113
2011,1424,8,24,513,1788,582,1422,-69,366
2011,1425,14,19,899,1307,1000,1072,-101,235
2011,1426,16,9,1063,653,1221,548,-158,105
2011,1427,13,16,866,1178,977,1074,-111,104
2011,1428,18,12,1122,884,1353,776,-231,108
2011,1429,3,29,179,2102,210,1646,-31,456
2011,1430,11,15,718,1200,826,1035,-108,165
2011,1431,9,24,616,1710,683,1415,-67,295
2011,1433,11,23,706,1726,791,1502,-85,224
2011,1434,11,21,701,1577,821,1365,-120,212
2011,1435,10,23,690,1825,754,1478,-64,347
2011,1436,8,23,494,1593,608,1301,-114,292
2011,1437,11,21,714,1613,798,1300,-84,313
2011,1438,15,16,848,1070,1047,888,-199,182
2011,1439,11,21,637,1598,736,1264,-99,334
2011,1440,13,14,1031,1224,1199,1023,-168,201
2011,1441,15,17,942,1264,1142,1086,-200,178
2011,1442,23,4,1257,252,1570,228,-313,24
2011,1443,16,16,1052,1190,1245,1018,-193,172
2011,1444,12,19,823,1386,943,1213,-120,173
2011,1447,17,13,1077,952,1261,854,-184,98
2011,1448,24,8,1543,608,1946,523,-403,85
2011,1449,10,23,683,2073,736,1587,-53,486
2011,1450,12,19,782,1496,881,1199,-99,297
2011,1451,13,15,785,1122,936,959,-151,163
2011,1452,11,20,703,1453,781,1206,-78,247
2011,1453,18,13,1134,945,1312,841,-178,104
2011,1454,13,19,734,1471,918,1312,-184,159
2011,1455,8,23,516,1717,556,1366,-40,351
2011,1456,22,9,1329,650,1575,555,-246,95
2011,1457,17,11,1074,764,1237,662,-163,102
2011,1458,8,23,450,1664,514,1294,-64,370
2011,1459,12,21,792,1644,908,1331,-116,313
2011,1460,14,17,822,1166,949,984,-127,182
2011,1461,21,8,1315,557,1614,452,-299,105
2011,1462,7,24,418,1833,477,1524,-59,309
2011,1463,13,14,778,1045,887,941,-109,104
2011,1464,21,7,1400,508,1664,449,-264,59
2012,1102,16,11,927,711,1118,590,-191,121
2012,1103,11,21,710,1577,814,1286,-104,291
2012,1104,11,21,635,1443,714,1146,-79,297
2012,1105,21,5,1241,348,1507,304,-266,44
2012,1106,19,10,1032,642,1264,579,-232,63
2012,1107,14,19,897,1477,1042,1220,-145,257
2012,1108,21,7,1213,467,1533,398,-320,69
2012,1110,11,20,617,1381,736,1177,-119,204
2012,1111,18,11,1111,839,1320,736,-209,103
2012,1112,11,23,692,1670,753,1378,-61,292
2012,1113,21,10,1193,698,1437,619,-244,79
2012,1114,16,14,920,952,1090,841,-170,111
2012,1115,22,11,1287,726,1626,665,-339,61
2012,1116,14,18,901,1398,1101,1130,-200,268
2012,1117,20,13,1147,943,1365,813,-218,130
2012,1119,18,11,1102,830,1339,712,-237,118
2012,1120,16,15,895,1047,1114,869,-219,178
2012,1122,20,11,1303,841,1539,735,-236,106
2012,1123,15,14,833,994,978,805,-145,189
2012,1124,7,26,476,1975,548,1606,-72,369
2012,1125,7,26,518,2168,556,1672,-38,496
2012,1126,17,16,988,1155,1183,1028,-195,127
2012,1127,29,2,1632,130,2073,120,-441,10
2012,1129,17,12,995,960,1183,761,-188,199
2012,1130,22,9,1236,597,1592,533,-356,64
2012,1131,16,16,930,1115,1116,918,-186,197
2012,1132,15,15,959,1010,1072,844,-113,166
2012,1133,25,7,1451,504,1803,453,-352,51
2012,1135,23,7,1301,520,1632,456,-331,64
2012,1136,28,2,1723,129,2142,119,-419,10
2012,1137,9,23,545,1646,633,1335,-88,311
2012,1138,10,18,666,1331,746,1140,-80,191
2012,1139,14,19,841,1213,989,1024,-148,189
2012,1140,8,23,538,1891,639,1456,-101,435
2012,1141,21,10,1227,688,1466,608,-239,80
2012,1142,15,16,895,1083,1028,851,-133,232
2012,1143,9,24,604,1761,703,1336,-99,425
2012,1144,15,16,1057,1210,1247,1059,-190,151
2012,1145,25,5,1573,392,1919,352,-346,40
2012,1146,20,6,1285,510,1670,448,-385,62
2012,1148,16,13,1061,968,1255,783,-194,185
2012,1149,12,16,809,1301,940,1110,-131,191
2012,1150,17,13,1079,931,1256,810,-177,121
2012,1151,21,8,1392,587,1581,498,-189,89
2012,1152,25,3,1512,226,1983,208,-471,18
2012,1153,10,24,579,1750,651,1429,-72,321
2012,1154,24,4,1471,266,1809,231,-338,35
2012,1155,15,16,917,1084,1015,865,-98,219
2012,1156,10,21,589,1437,678,1172,-89,265
2012,1157,11,15,722,1087,816,939,-94,148
2012,1158,12,19,816,1375,933,1184,-117,191
2012,1159,22,8,1341,552,1697,512,-356,40
2012,1160,11,21,678,1443,811,1223,-133,220
2012,1161,11,20,692,1510,848,1271,-156,239
2012,1162,15,13,917,856,1037,728,-120,128
2012,1163,13,20,786,1486,893,1223,-107,263
2012,1164,16,11,1121,882,1297,777,-176,105
2012,1165,16,11,946,809,1105,733,-159,76
2012,1166,5,28,323,2318,376,1919,-53,399
2012,1167,14,15,887,1090,1072,966,-185,124
2012,1168,9,19,600,1534,671,1334,-71,200
2012,1169,21,5,1324,390,1624,351,-300,39
2012,1170,18,8,1139,600,1344,498,-205,102
2012,1171,25,4,1394,269,1616,236,-222,33
2012,1172,7,24,504,1894,580,1525,-76,369
2012,1173,12,20,807,1487,923,1224,-116,263
2012,1174,13,18,845,1303,959,1154,-114,149
2012,1175,14,13,801,926,968,794,-167,132
2012,1176,9,22,607,1505,655,1221,-48,284
2012,1177,19,12,1354,944,1574,804,-220,140
2012,1178,13,20,842,1497,940,1302,-98,195
2012,1179,15,16,872,1186,1089,986,-217,200
2012,1180,6,27,300,1834,360,1469,-60,365
2012,1181,6,27,412,2146,467,1792,-55,354
2012,1182,15,15,931,1224,1125,1026,-194,198
2012,1183,17,10,1001,725,1226,635,-225,90
2012,1184,16,14,975,982,1164,869,-189,113
2012,1185,18,13,907,735,1177,658,-270,77
2012,1186,17,13,1140,999,1302,856,-162,143
2012,1187,16,11,1016,787,1155,651,-139,136
2012,1188,17,8,1056,567,1307,511,-251,56
2012,1189,16,13,1018,961,1243,863,-225,98
2012,1190,14,16,856,1159,979,995,-123,164
2012,1191,15,15,1035,1150,1202,977,-167,173
2012,1192,26,3,1578,184,1939,169,-361,15
2012,1193,14,19,861,1293,951,1070,-90,223
2012,1194,19,10,1158,721,1335,641,-177,80
2012,1195,17,14,1125,1102,1307,934,-182,168
2012,1196,10,23,668,1849,759,1420,-91,429
2012,1197,23,8,1406,593,1747,540,-341,53
2012,1198,20,8,1201,567,1380,499,-179,68
2012,1199,9,24,550,1771,641,1435,-91,336
2012,1200,19,10,1117,680,1470,604,-353,76
2012,1201,20,11,1286,733,1446,625,-160,108
2012,1202,16,13,911,934,1109,798,-198,136
2012,1203,21,10,1226,695,1485,584,-259,111
2012,1204,15,13,902,928,1074,838,-172,90
2012,1205,20,10,1208,717,1376,644,-168,73
2012,1206,9,24,599,1724,675,1467,-76,257
2012,1207,8,22,504,1549,573,1200,-69,349
2012,1208,17,15,921,1029,1132,883,-211,146
2012,1209,11,21,701,1464,772,1124,-71,340
2012,1210,20,11,1096,770,1329,611,-233,159
2012,1211,6,25,416,1877,466,1493,-50,384
2012,1212,24,4,1246,267,1748,253,-502,14
2012,1214,21,12,1285,849,1471,734,-186,115
2012,1216,22,9,1276,584,1592,492,-316,92
2012,1217,4,25,223,1664,252,1344,-29,320
2012,1218,16,14,1096,1099,1282,981,-186,118
2012,1219,18,11,1197,822,1362,709,-165,113
2012,1220,22,10,1310,781,1521,630,-211,151
2012,1221,14,15,807,1079,1012,926,-205,153
2012,1222,15,14,948,1114,1118,949,-170,165
2012,1223,20,7,1348,532,1657,492,-309,40
2012,1224,21,9,1190,608,1547,564,-357,44
2012,1225,13,16,823,1176,917,1028,-94,148
2012,1226,21,8,1278,608,1564,562,-286,46
2012,1227,21,7,1248,458,1499,427,-251,31
2012,1228,15,17,935,1163,1079,976,-144,187
2012,1229,13,20,850,1405,989,1136,-139,269
2012,1231,8,25,514,2036,589,1574,-75,462
2012,1232,14,17,832,1160,1000,1017,-168,143
2012,1233,7,25,518,2146,568,1754,-50,392
2012,1234,16,17,1048,1326,1282,1072,-234,254
2012,1235,10,22,658,1684,736,1399,-78,285
2012,1236,19,10,1232,783,1477,706,-245,77
2012,1237,18,12,1207,936,1379,827,-172,109
2012,1238,24,6,1291,373,1643,336,-352,37
2012,1239,22,8,1384,567,1673,500,-289,67
2012,1240,17,13,980,927,1137,759,-157,168
2012,1241,20,12,1300,815,1510,725,-210,90
2012,1242,6,27,407,2069,450,1594,-43,475
2012,1243,10,21,657,1557,725,1250,-68,307
2012,1244,28,2,1714,134,2160,124,-446,10
2012,1245,11,20,713,1461,804,1236,-91,225
2012,1246,2,32,136,2471,144,1862,-8,609
2012,1247,12,21,798,1619,857,1322,-59,297
2012,1248,18,13,1187,974,1418,842,-231,132
2012,1249,11,21,696,1628,817,1291,-121,337
2012,1250,7,25,511,1909,558,1535,-47,374
2012,1251,18,11,1179,772,1385,707,-206,65
2012,1252,18,12,1171,975,1377,873,-206,102
2012,1253,8,23,581,1706,636,1367,-55,339
2012,1254,8,25,551,2151,660,1892,-109,259
2012,1255,21,6,1384,523,1831,467,-447,56
2012,1256,16,16,1040,1157,1208,1036,-168,121
2012,1257,9,26,524,1885,599,1542,-75,343
2012,1258,12,17,711,1263,837,1111,-126,152
2012,1259,8,24,500,1663,601,1441,-101,222
2012,1260,23,6,1270,378,1529,312,-259,66
2012,1261,14,18,851,1230,1008,1015,-157,215
2012,1263,17,11,1056,820,1228,705,-172,115
2012,1264,12,20,786,1488,908,1174,-122,314
2012,1265,18,14,1133,1043,1443,890,-310,153
2012,1266,7,25,443,1987,519,1600,-76,387
2012,1267,13,20,821,1474,947,1270,-126,204
2012,1268,15,17,957,1241,1160,1103,-203,138
2012,1269,11,22,755,1778,879,1494,-124,284
2012,1270,15,14,927,980,1109,860,-182,120
2012,1271,23,6,1300,390,1694,346,-394,44
2012,1272,8,26,564,1996,608,1539,-44,457
2012,1273,11,21,720,1458,813,1200,-93,258
2012,1274,12,19,763,1443,862,1191,-99,252
2012,1275,21,8,1235,515,1398,468,-163,47
2012,1276,9,23,546,1590,646,1346,-100,244
2012,1277,7,27,423,2030,466,1544,-43,486
2012,1278,14,19,844,1380,972,1155,-128,225
2012,1279,13,20,815,1367,982,1172,-167,195
2012,1280,11,21,688,1593,779,1356,-91,237
2012,1281,4,30,285,2445,319,1916,-34,529
2012,1282,20,10,1189,747,1503,635,-314,112
2012,1283,16,15,1027,1012,1147,823,-120,189
2012,1284,20,12,1241,899,1652,768,-411,131
2012,1285,6,23,375,1691,438,1366,-63,325
2012,1286,17,10,1054,756,1286,677,-232,79
2012,1287,15,15,866,960,1056,805,-190,155
2012,1288,20,9,1261,673,1435,582,-174,91
2012,1290,12,21,742,1532,969,1317,-227,215
2012,1291,21,8,1213,535,1493,453,-280,82
2012,1292,6,24,405,1737,449,1411,-44,326
2012,1293,1,27,68,2010,72,1674,-4,336
2012,1294,18,8,1283,585,1473,500,-190,85
2012,1295,13,16,834,1266,938,1053,-104,213
2012,1296,26,4,1388,256,1812,238,-424,18
2012,1298,26,2,1448,142,1740,126,-292,16
2012,1299,20,9,1216,739,1511,631,-295,108
2012,1300,15,13,932,906,1083,731,-151,175
2012,1301,12,22,829,1666,934,1379,-105,287
2012,1303,15,1,1026,77,1284,72,-258,5
2012,1304,18,12,988,839,1254,715,-266,124
2012,1305,6,25,393,1798,455,1551,-62,247
2012,1306,16,12,914,775,1082,675,-168,100
2012,1307,6,26,389,1933,450,1459,-61,474
2012,1308,9,24,618,1936,682,1565,-64,371
2012,1310,19,14,1272,1050,1513,935,-241,115
2012,1311,20,8,1197,608,1677,537,-480,71
2012,1312,17,11,1081,791,1332,647,-251,144
2012,1313,8,24,485,1741,601,1535,-116,206
2012,1314,5,29,375,2412,423,1850,-48,562
2012,1315,14,13,842,939,1042,801,-200,138
2012,1316,16,15,942,1141,1208,980,-266,161
2012,1317,14,15,881,1118,1017,919,-136,199
2012,1318,17,14,1019,922,1217,813,-198,109
2012,1319,24,3,1399,222,1778,199,-379,23
2012,1320,13,18,755,1247,884,1044,-129,203
2012,1321,13,18,798,1357,951,1151,-153,206
2012,1322,16,13,1000,998,1220,840,-220,158
2012,1323,11,22,612,1582,755,1275,-143,307
2012,1324,15,16,1103,1367,1260,1189,-157,178
2012,1325,7,26,430,1887,477,1591,-47,296
2012,1326,7,27,434,2108,476,1532,-42,576
2012,1328,16,15,984,1158,1178,945,-194,213
2012,1329,18,14,1103,1026,1334,857,-231,169
2012,1330,13,20,754,1408,862,1171,-108,237
2012,1331,6,27,381,2027,425,1745,-44,282
2012,1332,9,22,590,1647,674,1404,-84,243
2012,1333,14,18,1002,1510,1124,1221,-122,289
2012,1334,19,9,1146,593,1381,510,-235,83
2012,1335,12,19,723,1296,838,1142,-115,154
2012,1336,20,12,1170,807,1441,665,-271,142
2012,1337,19,9,1059,601,1349,512,-290,89
2012,1338,16,17,937,1330,1088,1095,-151,235
2012,1339,24,6,1511,431,1902,391,-391,40
2012,1340,15,15,1066,1169,1219,1015,-153,154
2012,1341,18,11,1041,731,1313,650,-272,81
2012,1342,15,13,892,894,1070,775,-178,119
2012,1343,11,17,645,1195,720,1001,-75,194
2012,1344,17,15,1071,1132,1274,942,-203,190
2012,1345,12,21,765,1617,893,1285,-128,332
2012,1346,13,18,893,1315,968,1108,-75,207
2012,1347,26,4,1537,265,1863,233,-326,32
2012,1348,24,7,1575,551,1855,484,-280,67
2012,1349,15,14,940,1013,1089,858,-149,155
2012,1350,16,16,1008,1199,1183,966,-175,233
2012,1351,19,13,1256,1035,1494,893,-238,142
2012,1352,10,24,644,1691,743,1427,-99,264
2012,1353,18,14,1079,1016,1266,840,-187,176
2012,1354,26,3,1611,251,2064,224,-453,27
2012,1355,7,25,480,1964,569,1563,-89,401
2012,1356,22,8,1303,578,1602,478,-299,100
2012,1357,18,14,1249,1028,1437,882,-188,146
2012,1358,19,9,968,600,1228,505,-260,95
2012,1359,19,9,1179,633,1384,588,-205,45
2012,1360,18,11,1141,785,1382,678,-241,107
2012,1361,7,24,455,1719,507,1485,-52,234
2012,1362,13,18,924,1408,1033,1219,-109,189
2012,1363,22,8,1387,603,1667,523,-280,80
2012,1364,10,18,694,1329,812,1052,-118,277
2012,1365,22,6,1469,452,1751,387,-282,65
2012,1366,11,19,591,1281,762,1024,-171,257
2012,1367,12,18,806,1312,930,1148,-124,164
2012,1368,17,9,895,604,1102,540,-207,64
2012,1369,16,13,1047,968,1219,819,-172,149
2012,1370,15,10,1024,874,1170,743,-146,131
2012,1371,12,20,693,1501,831,1201,-138,300
2012,1372,12,16,618,1039,712,827,-94,212
2012,1373,17,14,992,983,1186,875,-194,108
2012,1374,19,11,1028,726,1202,630,-174,96
2012,1375,12,16,682,1179,865,1019,-183,160
2012,1376,21,10,1260,643,1480,535,-220,108
2012,1377,18,8,1195,615,1433,542,-238,73
2012,1378,13,19,637,1245,790,1044,-153,201
2012,1379,8,23,528,1665,581,1472,-53,193
2012,1380,14,14,766,907,1007,801,-241,106
2012,1381,17,12,1037,863,1224,764,-187,99
2012,1382,11,20,664,1527,765,1250,-101,277
2012,1383,15,15,977,1107,1118,944,-141,163
2012,1384,23,6,1334,429,1643,374,-309,55
2012,1385,19,13,1191,938,1460,808,-269,130
2012,1386,13,20,877,1504,973,1270,-96,234
2012,1387,7,24,452,1690,497,1282,-45,408
2012,1388,5,25,287,1927,355,1531,-68,396
2012,1389,26,5,1480,319,1872,266,-392,53
2012,1390,11,21,683,1573,775,1238,-92,335
2012,1391,20,8,1431,584,1695,511,-264,73
2012,1392,9,21,512,1459,618,1172,-106,287
2012,1393,2,31,126,2335,138,1855,-12,480
2012,1394,24,6,1407,348,1697,333,-290,15
2012,1395,14,16,935,1180,1105,1055,-170,125
2012,1396,7,24,491,1866,551,1616,-60,250
2012,1397,14,17,873,1250,997,1037,-124,213
2012,1398,12,18,764,1253,907,1112,-143,141
2012,1399,13,17,792,1352,944,1192,-152,160
2012,1400,13,20,939,1472,1037,1168,-98,304
2012,1401,18,13,1027,853,1235,675,-208,178
2012,1402,17,9,1168,754,1362,647,-194,107
2012,1403,23,8,1270,574,1639,475,-369,99
2012,1404,27,2,1646,135,2056,129,-410,6
2012,1405,16,16,1024,1154,1156,1007,-132,147
2012,1406,31,1,1581,66,2170,61,-589,5
2012,1407,18,9,1169,711,1423,636,-254,75
2012,1408,16,13,927,914,1107,691,-180,223
2012,1409,14,17,933,1160,1022,979,-89,181
2012,1410,21,7,1185,524,1492,475,-307,49
2012,1411,18,15,963,1058,1249,824,-286,234
2012,1412,16,15,862,1013,1035,872,-173,141
2012,1413,26,4,1540,300,1954,275,-414,25
2012,1414,19,10,1204,761,1438,667,-234,94
2012,1415,17,12,889,789,1107,739,-218,50
2012,1416,10,20,604,1348,730,1155,-126,193
2012,1417,14,18,898,1273,1023,980,-125,293
2012,1418,15,15,940,1084,1102,947,-162,137
2012,1419,25,3,1464,218,1832,175,-368,43
2012,1420,26,4,1619,278,2064,248,-445,30
2012,1421,9,21,633,1723,722,1448,-89,275
2012,1422,19,12,1267,893,1582,817,-315,76
2012,1423,21,10,1279,734,1531,658,-252,76
2012,1424,8,24,522,1908,593,1530,-71,378
2012,1425,26,6,1288,395,1590,320,-302,75
2012,1426,8,23,570,1796,640,1446,-70,350
2012,1427,14,16,913,1235,1004,1067,-91,168
2012,1428,25,5,1335,327,1820,286,-485,41
2012,1429,15,16,929,1152,1037,960,-108,192
2012,1430,12,16,751,1153,885,999,-134,154
2012,1431,17,15,986,1035,1151,868,-165,167
2012,1433,6,28,350,1975,395,1637,-45,338
2012,1434,11,20,681,1425,824,1247,-143,178
2012,1435,10,24,657,1822,729,1480,-72,342
2012,1436,11,23,634,1652,708,1349,-74,303
2012,1437,19,13,1249,1017,1429,829,-180,188
2012,1438,9,22,488,1467,537,1127,-49,340
2012,1439,17,16,1002,1145,1110,947,-108,198
2012,1440,16,14,1190,1109,1435,992,-245,117
2012,1441,18,15,1118,1135,1358,999,-240,136
2012,1442,14,16,795,1020,942,862,-147,158
2012,1443,18,15,1132,1015,1320,924,-188,91
2012,1444,20,13,1306,946,1535,782,-229,164
2012,1447,6,25,399,1876,448,1545,-49,331
2012,1448,18,13,1069,960,1346,836,-277,124
2012,1449,10,21,712,1619,809,1363,-97,256
2012,1450,16,14,1019,1029,1178,836,-159,193
2012,1451,6,22,372,1736,473,1477,-101,259
2012,1452,13,19,793,1499,907,1210,-114,289
2012,1453,15,13,924,848,1100,766,-176,82
2012,1454,13,19,713,1326,863,1115,-150,211
2012,1455,5,26,345,2039,374,1571,-29,468
2012,1456,26,5,1508,353,1874,299,-366,54
2012,1457,20,10,1170,679,1382,592,-212,87
2012,1458,9,24,502,1606,574,1171,-72,435
2012,1459,13,17,720,1188,893,992,-173,196
2012,1460,19,12,994,783,1256,655,-262,128
2012,1461,11,18,552,1257,648,978,-96,279
2012,1462,12,21,785,1551,902,1324,-117,227
2012,1463,9,17,539,1194,651,1036,-112,158
2012,1464,15,14,974,972,1123,827,-149,145
2013,1102,13,15,809,1121,992,924,-183,197
2013,1103,6,25,400,1830,449,1481,-49,349
2013,1104,12,20,733,1270,827,1071,-94,199
2013,1105,20,9,1168,618,1507,528,-339,90
2013,1106,22,9,1293,613,1633,548,-340,65
2013,1107,10,24,589,1601,698,1352,-109,249
2013,1108,23,9,1263,629,1597,524,-334,105
2013,1110,20,10,1069,666,1342,574,-273,92
2013,1111,16,13,1075,979,1252,864,-177,115
2013,1112,7,25,477,1868,531,1507,-54,361
2013,1113,12,21,781,1562,879,1327,-98,235
2013,1114,15,16,892,1144,1132,970,-240,174
2013,1115,14,16,747,1133,1048,950,-301,183
2013,1116,13,19,810,1548,981,1222,-171,326
2013,1117,12,18,734,1317,844,1053,-110,264
2013,1119,15,15,983,1172,1111,953,-128,219
2013,1120,23,9,1452,622,1703,498,-251,124
2013,1122,23,6,1546,476,1846,409,-300,67
2013,1123,15,14,862,1019,1073,911,-211,108
2013,1124,14,17,949,1325,1049,1025,-100,300
2013,1125,6,24,402,1905,463,1476,-61,429
2013,1126,20,12,1209,887,1423,772,-214,115
2013,1127,27,2,1481,119,1920,110,-439,9
2013,1129,10,19,638,1423,736,1191,-98,232
2013,1130,17,16,1080,1135,1244,1002,-164,133
2013,1131,12,17,727,1245,830,1035,-103,210
2013,1132,19,11,1170,709,1354,572,-184,137
2013,1133,16,16,963,1179,1178,987,-215,192
2013,1135,15,12,867,810,1055,711,-188,99
2013,1136,11,19,725,1498,871,1265,-146,233
2013,1137,5,27,312,1840,333,1513,-21,327
2013,1138,20,12,1241,874,1411,755,-170,119
2013,1139,8,25,455,1803,556,1540,-101,263
2013,1140,11,20,742,1611,860,1292,-118,319
2013,1141,20,10,1329,687,1558,606,-229,81
2013,1142,13,16,772,1110,894,941,-122,169
2013,1143,11,20,700,1394,817,1179,-117,215
2013,1144,19,11,1185,869,1436,759,-251,110
2013,1145,13,18,882,1381,1001,1165,-119,216
2013,1146,17,11,1144,935,1341,871,-197,64
2013,1148,17,13,1154,1032,1370,942,-216,90
2013,1149,12,16,737,1242,837,1032,-100,210
2013,1150,11,21,700,1463,887,1269,-187,194
2013,1151,19,11,1191,831,1459,728,-268,103
2013,1152,21,7,1278,477,1553,390,-275,87
2013,1153,11,22,579,1620,673,1266,-94,354
2013,1154,22,6,1322,455,1693,407,-371,48
2013,1155,18,13,1002,905,1198,666,-196,239
2013,1156,18,11,1014,810,1360,672,-346,138
2013,1157,15,11,925,762,1082,615,-157,147
2013,1158,9,24,480,1691,593,1440,-113,251
2013,1159,21,11,1220,813,1541,689,-321,124
2013,1160,11,21,681,1500,791,1250,-110,250
2013,1161,8,23,520,1720,584,1386,-64,334
2013,1162,16,10,939,658,1068,523,-129,135
2013,1163,10,20,631,1465,705,1257,-74,208
2013,1164,24,7,1452,485,1777,422,-325,63
2013,1165,18,12,1052,885,1314,770,-262,115
2013,1166,7,27,452,2111,510,1635,-58,476
2013,1167,16,10,966,733,1169,641,-203,92
2013,1168,18,12,1244,1014,1398,858,-154,156
2013,1169,17,12,1170,950,1339,838,-169,112
2013,1170,15,12,899,804,1041,733,-142,71
2013,1171,19,8,1096,543,1334,468,-238,75
2013,1172,7,25,450,1889,519,1465,-69,424
2013,1173,14,17,926,1299,1015,1052,-89,247
2013,1174,14,19,884,1392,1025,1250,-141,142
2013,1175,18,13,1011,817,1282,710,-271,107
2013,1176,9,21,511,1452,593,1078,-82,374
2013,1177,21,11,1398,886,1687,722,-289,164
2013,1178,12,18,812,1498,898,1239,-86,259
2013,1179,17,14,1142,1058,1330,923,-188,135
2013,1180,18,13,1121,832,1239,717,-118,115
2013,1181,5,27,362,2143,413,1680,-51,463
2013,1182,22,8,1391,637,1687,582,-296,55
2013,1183,20,11,1108,769,1362,634,-254,135
2013,1184,9,22,616,1643,706,1362,-90,281
2013,1185,18,13,982,716,1251,602,-269,114
2013,1186,21,10,1374,772,1624,686,-250,86
2013,1187,12,14,854,1095,966,989,-112,106
2013,1188,18,7,1090,451,1308,396,-218,55
2013,1189,11,19,696,1345,797,1178,-101,167
2013,1190,22,9,1256,644,1650,588,-394,56
2013,1191,14,17,876,1199,984,1013,-108,186
2013,1192,24,7,1509,525,1970,478,-461,47
2013,1193,15,19,837,1214,991,1007,-154,207
2013,1194,18,13,1075,934,1285,829,-210,105
2013,1195,10,22,710,1605,827,1327,-117,278
2013,1196,7,26,432,1932,466,1306,-34,626
2013,1197,23,6,1410,409,1737,370,-327,39
2013,1198,14,18,890,1320,1034,1175,-144,145
2013,1199,15,18,899,1313,1118,1142,-219,171
2013,1200,24,7,1477,520,1869,484,-392,36
2013,1201,19,9,1081,544,1251,465,-170,79
2013,1202,24,5,1348,355,1748,308,-400,47
2013,1203,17,13,1029,959,1187,779,-158,180
2013,1204,19,12,1079,805,1344,684,-265,121
2013,1205,12,18,708,1229,784,1062,-76,167
2013,1206,14,18,931,1205,1031,1033,-100,172
2013,1207,6,25,335,1667,390,1338,-55,329
2013,1208,17,15,986,960,1145,826,-159,134
2013,1209,16,14,1036,992,1175,842,-139,150
2013,1210,15,16,895,1098,1065,868,-170,230
2013,1211,2,30,137,2321,149,1755,-12,566
2013,1212,28,,1391,,2138,,-747,
2013,1214,17,14,1001,935,1120,863,-119,72
2013,1216,13,17,729,1080,883,952,-154,128
2013,1217,9,18,554,1307,625,1109,-71,198
2013,1218,14,16,929,1238,1089,1054,-160,184
2013,1219,13,15,804,1154,905,969,-101,185
2013,1220,25,6,1373,426,1686,387,-313,39
2013,1221,18,12,1015,819,1218,711,-203,108
2013,1222,12,18,859,1456,971,1230,-112,226
2013,1223,17,11,965,741,1254,652,-289,89
2013,1224,23,6,1133,354,1453,297,-320,57
2013,1225,18,11,1140,819,1287,745,-147,74
2013,1226,24,5,1281,359,1579,297,-298,62
2013,1227,15,16,884,1040,1080,879,-196,161
2013,1228,12,21,741,1524,886,1273,-145,251
2013,1229,15,18,1003,1457,1122,1143,-119,314
2013,1231,6,27,404,2236,438,1623,-34,613
2013,1232,14,17,873,1164,1013,1026,-140,138
2013,1233,13,20,1004,1659,1060,1440,-56,219
2013,1234,12,21,763,1559,865,1210,-102,349
2013,1235,11,22,821,1807,921,1429,-100,378
2013,1236,17,14,989,1059,1156,944,-167,115
2013,1237,26,4,1632,312,2076,262,-444,50
2013,1238,18,11,1118,802,1400,673,-282,129
2013,1239,18,12,1159,855,1398,788,-239,67
2013,1240,11,15,682,1003,802,888,-120,115
2013,1241,14,20,853,1363,1013,1175,-160,188
2013,1242,5,29,323,2240,367,1723,-44,517
2013,1243,7,26,417,1849,500,1526,-83,323
2013,1244,27,3,1606,225,1942,208,-336,17
2013,1245,13,19,837,1438,937,1217,-100,221
2013,1246,11,21,656,1683,791,1277,-135,406
2013,1247,9,21,573,1600,665,1314,-92,286
2013,1248,15,18,917,1346,1138,1146,-221,200
2013,1249,28,3,1628,234,2173,225,-545,9
2013,1250,9,20,576,1543,680,1229,-104,314
2013,1251,20,12,1266,890,1490,775,-224,115
2013,1252,18,11,1154,852,1507,738,-353,114
2013,1253,13,17,802,1266,1011,1107,-209,159
2013,1254,13,20,964,1658,1102,1419,-138,239
2013,1255,25,6,1604,492,2099,439,-495,53
2013,1256,6,25,395,1834,469,1505,-74,329
2013,1257,5,29,355,2146,376,1595,-21,551
2013,1258,22,10,1283,734,1548,658,-265,76
2013,1259,11,21,693,1447,804,1225,-111,222
2013,1260,16,14,986,945,1105,788,-119,157
2013,1261,12,19,796,1398,931,1207,-135,191
2013,1263,19,10,1172,719,1393,656,-221,63
2013,1264,18,14,1002,863,1185,731,-183,132
2013,1265,21,10,1278,767,1545,646,-267,121
2013,1266,8,23,463,1676,540,1405,-77,271
2013,1267,19,12,1222,906,1492,777,-270,129
2013,1268,12,22,762,1660,856,1327,-94,333
2013,1269,11,21,778,1572,879,1416,-101,156
2013,1270,17,11,1029,788,1290,719,-261,69
2013,1271,26,2,1413,122,1826,115,-413,7
2013,1272,4,30,280,2299,313,1902,-33,397
2013,1273,11,21,603,1487,734,1183,-131,304
2013,1274,6,27,366,1941,419,1583,-53,358
2013,1275,22,8,1306,564,1590,471,-284,93
2013,1276,7,25,448,1932,501,1513,-53,419
2013,1277,8,24,497,1663,543,1357,-46,306
2013,1278,12,20,691,1499,814,1160,-123,339
2013,1279,8,26,560,2088,620,1667,-60,421
2013,1280,22,10,1228,712,1652,572,-424,140
2013,1281,10,23,672,1844,762,1422,-90,422
2013,1282,24,7,1355,496,1742,446,-387,50
2013,1283,22,9,1197,598,1486,540,-289,58
2013,1284,21,10,1260,749,1603,649,-343,100
2013,1285,6,23,410,1634,483,1421,-73,213
2013,1286,17,11,1153,786,1340,717,-187,69
2013,1287,18,13,1174,1007,1387,904,-213,103
2013,1288,15,17,942,1220,1067,1027,-125,193
2013,1290,23,5,1378,387,1744,325,-366,62
2013,1291,14,18,856,1377,1073,1216,-217,161
2013,1292,5,28,288,2063,339,1568,-51,495
2013,1293,10,19,669,1424,733,1241,-64,183
2013,1294,18,11,1128,839,1330,708,-202,131
2013,1295,9,22,491,1554,606,1143,-115,411
2013,1296,25,4,1269,278,1590,241,-321,37
2013,1297,16,11,872,710,1051,596,-179,114
2013,1298,23,7,1179,455,1467,373,-288,82
2013,1299,16,18,869,1226,1055,1033,-186,193
2013,1300,9,19,492,1287,572,1072,-80,215
2013,1301,10,24,683,1953,755,1627,-72,326
2013,1303,19,10,1248,807,1652,730,-404,77
2013,1304,18,15,940,983,1237,857,-297,126
2013,1305,19,11,1188,820,1421,734,-233,86
2013,1306,20,8,1096,558,1289,479,-193,79
2013,1307,5,29,288,2005,338,1716,-50,289
2013,1308,10,23,617,1627,703,1371,-86,256
2013,1309,18,4,1089,322,1433,311,-344,11
2013,1310,13,19,931,1435,1045,1248,-114,187
2013,1311,21,9,1329,691,1580,607,-251,84
2013,1312,13,12,853,836,938,734,-85,102
2013,1313,11,21,662,1470,801,1294,-139,176
2013,1314,10,23,650,1864,786,1495,-136,369
2013,1315,16,14,1003,992,1214,869,-211,123
2013,1316,19,12,1127,915,1420,750,-293,165
2013,1317,19,11,1199,765,1435,639,-236,126
2013,1318,12,20,798,1432,887,1305,-89,127
2013,1319,21,11,1355,785,1694,717,-339,68
2013,1320,14,17,792,1219,906,1020,-114,199
2013,1321,19,13,1028,915,1321,716,-293,199
2013,1322,8,19,577,1528,657,1299,-80,229
2013,1323,9,25,517,1875,622,1524,-105,351
2013,1324,16,14,1067,1106,1258,989,-191,117
2013,1325,9,24,583,1824,697,1434,-114,390
2013,1326,7,26,436,1851,508,1404,-72,447
2013,1328,11,20,706,1499,799,1253,-93,246
2013,1329,8,24,528,1788,587,1424,-59,364
2013,1330,25,5,1569,378,1805,323,-236,55
2013,1331,14,17,874,1286,1000,1079,-126,207
2013,1332,8,26,464,1975,546,1617,-82,358
2013,1333,18,14,1210,1094,1330,918,-120,176
2013,1334,12,20,721,1418,842,1238,-121,180
2013,1335,22,9,1328,619,1565,552,-237,67
2013,1336,21,10,1208,702,1499,616,-291,86
2013,1337,18,11,1131,692,1349,613,-218,79
2013,1338,8,24,483,1744,534,1240,-51,504
2013,1339,21,9,1161,617,1505,545,-344,72
2013,1340,20,6,1293,474,1506,399,-213,75
2013,1341,19,12,1085,819,1357,718,-272,101
2013,1342,24,5,1383,339,1785,307,-402,32
2013,1343,11,16,643,1089,724,878,-81,211
2013,1344,14,17,905,1174,1020,973,-115,201
2013,1345,17,15,1028,1060,1249,810,-221,250
2013,1346,16,15,1121,1104,1233,987,-112,117
2013,1347,19,10,1198,686,1368,619,-170,67
2013,1348,21,8,1212,574,1438,509,-226,65
2013,1349,25,4,1443,298,1811,253,-368,45
2013,1350,14,18,847,1406,999,1135,-152,271
2013,1351,14,18,801,1248,946,1076,-145,172
2013,1352,10,23,628,1725,733,1433,-105,292
2013,1353,16,15,945,1082,1103,949,-158,133
2013,1354,24,4,1356,285,1731,276,-375,9
2013,1355,9,22,599,1653,679,1378,-80,275
2013,1356,17,13,983,881,1178,779,-195,102
2013,1357,20,9,1343,693,1570,642,-227,51
2013,1358,17,14,978,929,1168,779,-190,150
2013,1359,21,10,1241,657,1490,584,-249,73
2013,1360,18,14,1059,977,1259,878,-200,99
2013,1361,10,20,608,1440,677,1158,-69,282
2013,1362,16,13,1020,975,1168,839,-148,136
2013,1363,20,8,1124,584,1426,519,-302,65
2013,1364,20,9,1202,634,1417,553,-215,81
2013,1365,11,19,762,1411,905,1122,-143,289
2013,1366,14,17,719,979,867,852,-148,127
2013,1367,17,14,1056,1084,1239,864,-183,220
2013,1368,18,11,1011,792,1303,700,-292,92
2013,1369,16,15,1072,1189,1237,1007,-165,182
2013,1370,22,7,1429,479,1642,367,-213,112
2013,1371,18,15,1087,1049,1288,862,-201,187
2013,1372,4,23,227,1478,245,1154,-18,324
2013,1373,24,8,1408,513,1722,467,-314,46
2013,1374,17,14,1023,960,1159,801,-136,159
2013,1375,12,16,741,1164,855,1037,-114,127
2013,1376,18,14,1027,1088,1264,941,-237,147
2013,1377,20,8,1256,692,1500,576,-244,116
2013,1378,19,12,973,849,1216,712,-243,137
2013,1379,9,23,591,1715,672,1374,-81,341
2013,1380,9,20,526,1405,605,1089,-79,316
2013,1381,20,9,1227,676,1510,597,-283,79
2013,1382,15,14,998,1111,1147,941,-149,170
2013,1383,18,12,1196,912,1361,782,-165,130
2013,1384,24,5,1470,334,1805,312,-335,22
2013,1385,15,16,906,1119,1088,966,-182,153
2013,1386,13,18,803,1286,935,1047,-132,239
2013,1387,6,27,382,1885,436,1482,-54,403
2013,1388,6,26,386,2010,448,1578,-62,432
2013,1389,21,9,1177,611,1408,564,-231,47
2013,1390,14,18,944,1341,1038,1099,-94,242
2013,1391,16,14,1048,1051,1259,900,-211,151
2013,1392,7,23,439,1579,475,1233,-36,346
2013,1393,9,26,533,1964,617,1486,-84,478
2013,1394,23,5,1342,344,1603,310,-261,34
2013,1395,21,10,1073,613,1394,561,-321,52
2013,1396,9,23,618,1710,685,1494,-67,216
2013,1397,12,20,697,1425,804,1212,-107,213
2013,1398,14,16,883,1234,1069,1063,-186,171
2013,1399,17,10,975,727,1232,642,-257,85
2013,1400,16,16,937,1147,1130,943,-193,204
2013,1401,15,18,853,1250,987,1062,-134,188
2013,1402,22,11,1456,856,1738,754,-282,102
2013,1403,20,11,1180,846,1548,708,-368,138
2013,1404,21,7,1319,513,1700,479,-381,34
2013,1405,13,15,825,1103,967,944,-142,159
2013,1406,13,17,773,1273,880,1146,-107,127
2013,1407,21,12,1243,803,1473,730,-230,73
2013,1408,14,18,904,1307,1024,1068,-120,239
2013,1409,15,16,955,1124,1151,972,-196,152
2013,1410,16,12,919,845,1154,755,-235,90
2013,1411,14,17,879,1300,1047,972,-168,328
2013,1412,17,15,1145,1107,1340,952,-195,155
2013,1413,17,14,1126,1084,1285,954,-159,130
2013,1414,15,18,942,1264,1079,1093,-137,171
2013,1415,24,4,1328,256,1628,230,-300,26
2013,1416,11,18,717,1322,848,1119,-131,203
2013,1417,9,25,598,1943,682,1662,-84,281
2013,1418,20,12,1309,952,1546,801,-237,151
2013,1419,23,4,1322,299,1693,266,-371,33
2013,1420,23,7,1439,461,1752,412,-313,49
2013,1421,16,13,1078,972,1197,844,-119,128
2013,1422,22,7,1488,567,1721,453,-233,114
2013,1423,20,9,1220,617,1511,553,-291,64
2013,1424,9,24,564,1782,629,1469,-65,313
2013,1425,18,14,1115,986,1313,850,-198,136
2013,1426,13,19,695,1350,867,1121,-172,229
2013,1427,22,10,1326,722,1626,597,-300,125
2013,1428,18,13,1055,886,1240,761,-185,125
2013,1429,10,20,595,1453,685,1229,-90,224
2013,1430,18,10,1061,757,1270,670,-209,87
2013,1431,14,18,783,1259,923,1047,-140,212
2013,1433,8,26,503,2126,565,1638,-62,488
2013,1434,7,25,413,1874,474,1529,-61,345
2013,1435,17,16,900,1091,1106,878,-206,213
2013,1436,11,21,622,1408,718,1159,-96,249
2013,1437,13,19,763,1395,905,1173,-142,222
2013,1438,11,21,619,1430,693,1071,-74,359
2013,1439,19,13,1224,1024,1513,880,-289,144
2013,1440,17,11,1183,912,1445,770,-262,142
2013,1441,19,12,1263,852,1416,762,-153,90
2013,1442,8,20,397,1215,455,1040,-58,175
2013,1443,15,19,913,1365,1078,1176,-165,189
2013,1444,12,19,714,1347,850,1147,-136,200
2013,1447,12,19,778,1358,919,1160,-141,198
2013,1448,18,13,1120,973,1341,837,-221,136
2013,1449,15,18,921,1309,1042,1153,-121,156
2013,1450,19,13,1154,907,1315,700,-161,207
2013,1451,6,24,402,1799,433,1438,-31,361
2013,1452,19,13,1182,934,1403,775,-221,159
2013,1453,15,17,950,1144,1081,943,-131,201
2013,1454,24,6,1384,452,1746,392,-362,60
2013,1455,8,26,496,1865,547,1517,-51,348
2013,1456,17,12,1101,881,1244,755,-143,126
2013,1457,17,11,953,690,1155,605,-202,85
2013,1458,11,23,591,1637,690,1211,-99,426
2013,1459,19,12,988,783,1211,625,-223,158
2013,1460,12,20,685,1292,782,1090,-97,202
2013,1461,13,17,664,1140,833,939,-169,201
2013,1462,14,17,835,1186,911,1025,-76,161
2013,1463,17,12,994,869,1184,770,-190,99
2013,1464,15,14,974,1014,1150,889,-176,125
2014,1101,19,2,1166,160,1498,153,-332,7
2014,1102,18,10,1111,697,1336,634,-225,63
2014,1103,12,21,733,1508,878,1301,-145,207
2014,1104,19,12,1185,883,1358,727,-173,156
2014,1105,16,12,933,854,1135,744,-202,110
2014,1106,12,16,761,1196,929,1048,-168,148
2014,1107,14,18,814,1299,950,1093,-136,206
2014,1108,19,9,1148,586,1417,504,-269,82
2014,1110,12,20,696,1350,789,1087,-93,263
2014,1111,21,5,1316,352,1576,305,-260,47
2014,1112,4,30,252,2232,268,1709,-16,523
2014,1113,11,21,719,1682,867,1337,-148,345
2014,1114,17,13,1154,956,1373,866,-219,90
2014,1115,18,11,1048,776,1370,700,-322,76
2014,1116,11,21,785,1783,879,1400,-94,383
2014,1117,13,17,895,1381,1047,1147,-152,234
2014,1119,16,14,1100,1076,1266,955,-166,121
2014,1120,16,14,1051,1093,1258,897,-207,196
2014,1122,18,10,1300,810,1499,743,-199,67
2014,1123,25,3,1568,232,1881,222,-313,10
2014,1124,11,22,725,1710,832,1425,-107,285
2014,1125,9,23,628,1916,737,1647,-109,269
2014,1126,25,5,1483,360,1815,308,-332,52
2014,1127,23,7,1326,514,1692,448,-366,66
2014,1129,13,19,855,1546,936,1306,-81,240
2014,1130,24,7,1604,526,1838,466,-234,60
2014,1131,10,24,630,1800,751,1529,-121,271
2014,1132,20,11,1147,758,1332,674,-185,84
2014,1133,20,12,1180,856,1416,697,-236,159
2014,1135,13,14,857,1052,925,908,-68,144
2014,1136,14,17,924,1345,1074,1175,-150,170
2014,1137,14,16,851,1126,953,969,-102,157
2014,1138,10,18,681,1371,764,1128,-83,243
2014,1139,17,13,1074,951,1239,784,-165,167
2014,1140,11,22,881,1898,980,1579,-99,319
2014,1141,21,8,1390,628,1620,575,-230,53
2014,1142,19,11,1135,725,1335,607,-200,118
2014,1143,13,19,844,1472,1009,1215,-165,257
2014,1144,19,9,1185,670,1424,619,-239,51
2014,1145,11,21,771,1721,870,1506,-99,215
2014,1146,21,6,1472,463,1816,408,-344,55
2014,1148,19,10,1262,770,1516,720,-254,50
2014,1149,18,9,1295,766,1425,623,-130,143
2014,1150,14,17,910,1305,1070,1151,-160,154
2014,1151,14,15,946,1164,1167,1018,-221,146
2014,1152,19,11,1230,835,1546,760,-316,75
2014,1153,6,27,314,1954,370,1555,-56,399
2014,1154,25,4,1534,329,1900,278,-366,51
2014,1155,12,20,696,1331,810,1045,-114,286
2014,1156,11,19,706,1456,787,1221,-81,235
2014,1157,12,18,804,1312,914,1157,-110,155
2014,1158,18,13,1047,901,1232,720,-185,181
2014,1159,18,12,1158,921,1297,735,-139,186
2014,1160,11,23,658,1751,815,1495,-157,256
2014,1161,16,14,1054,1085,1203,902,-149,183
2014,1162,12,18,721,1292,835,1054,-114,238
2014,1163,8,26,473,1970,557,1589,-84,381
2014,1164,20,11,1321,814,1618,706,-297,108
2014,1165,26,1,1648,70,2073,67,-425,3
2014,1166,7,26,456,2169,512,1713,-56,456
2014,1167,19,12,1253,865,1380,756,-127,109
2014,1168,20,11,1239,853,1467,748,-228,105
2014,1169,18,15,1262,1244,1413,1146,-151,98
2014,1170,16,12,995,917,1209,773,-214,144
2014,1171,16,10,958,756,1149,607,-191,149
2014,1172,12,19,854,1555,1021,1235,-167,320
2014,1173,10,23,659,1763,744,1488,-85,275
2014,1174,9,25,648,2056,718,1837,-70,219
2014,1175,21,7,1170,498,1420,431,-250,67
2014,1176,15,15,867,1099,1017,911,-150,188
2014,1177,21,12,1346,944,1666,821,-320,123
2014,1178,19,11,1308,768,1502,664,-194,104
2014,1179,16,14,975,1037,1168,898,-193,139
2014,1180,14,16,882,1182,986,1034,-104,148
2014,1181,8,26,575,2099,636,1645,-61,454
2014,1182,17,13,1126,1074,1287,924,-161,150
2014,1183,19,9,1189,685,1473,606,-284,79
2014,1184,9,22,621,1778,711,1519,-90,259
2014,1185,14,18,826,1219,972,1026,-146,193
2014,1186,16,13,1109,1084,1311,916,-202,168
2014,1187,16,13,1003,1050,1158,931,-155,119
2014,1188,20,9,1360,725,1574,664,-214,61
2014,1189,13,16,855,1223,1010,1054,-155,169
2014,1190,15,17,1020,1405,1182,1245,-162,160
2014,1191,19,12,1162,950,1418,828,-256,122
2014,1192,20,9,1293,699,1585,615,-292,84
2014,1193,25,7,1545,485,1799,441,-254,44
2014,1194,22,8,1358,595,1582,512,-224,83
2014,1195,12,20,768,1532,914,1256,-146,276
2014,1196,2,32,117,2288,124,1846,-7,442
2014,1197,18,12,1202,875,1409,810,-207,65
2014,1198,15,13,955,936,1175,823,-220,113
2014,1199,13,19,826,1427,944,1163,-118,264
2014,1200,21,10,1429,795,1739,680,-310,115
2014,1201,16,15,1092,1131,1280,974,-188,157
2014,1202,20,7,1177,530,1516,462,-339,68
2014,1203,8,24,502,1847,598,1542,-96,305
2014,1204,19,12,1222,895,1448,757,-226,138
2014,1205,15,15,1021,1116,1172,978,-151,138
2014,1206,20,11,1390,764,1544,689,-154,75
2014,1207,14,17,881,1296,1045,1044,-164,252
2014,1208,13,19,830,1379,995,1141,-165,238
2014,1209,8,23,581,1826,633,1487,-52,339
2014,1210,17,16,1027,1173,1210,994,-183,179
2014,1211,6,27,399,2103,440,1690,-41,413
2014,1212,23,4,1432,334,1880,306,-448,28
2014,1213,14,12,904,928,1061,847,-157,81
2014,1214,12,18,792,1405,907,1201,-115,204
2014,1216,16,17,933,1229,1148,1029,-215,200
2014,1217,4,25,238,1892,273,1505,-35,387
2014,1218,11,18,797,1474,868,1255,-71,219
2014,1219,14,14,911,1032,1100,923,-189,109
2014,1220,23,10,1510,750,1759,655,-249,95
2014,1221,13,19,815,1328,950,1133,-135,195
2014,1222,16,17,1029,1316,1285,1124,-256,192
2014,1223,25,4,1565,344,1934,323,-369,21
2014,1224,25,6,1471,397,1887,339,-416,58
2014,1225,18,15,1219,1164,1381,1091,-162,73
2014,1226,18,9,1180,698,1300,624,-120,74
2014,1227,25,4,1573,323,1849,273,-276,50
2014,1228,14,19,812,1321,963,1101,-151,220
2014,1229,15,15,967,1093,1158,930,-191,163
2014,1230,6,9,448,704,502,616,-54,88
2014,1231,15,17,927,1385,1049,1113,-122,272
2014,1232,10,21,652,1516,762,1319,-110,197
2014,1233,10,22,760,1912,849,1622,-89,290
2014,1234,12,20,891,1733,956,1287,-65,446
2014,1235,7,26,520,2215,598,1841,-78,374
2014,1236,10,21,650,1626,750,1400,-100,226
2014,1237,26,3,1630,202,2028,180,-398,22
2014,1238,20,11,1222,819,1400,731,-178,88
2014,1239,18,10,1222,820,1510,728,-288,92
2014,1240,21,8,1286,565,1554,495,-268,70
2014,1241,20,11,1257,704,1490,640,-233,64
2014,1242,9,24,634,1993,690,1635,-56,358
2014,1243,12,20,818,1413,950,1153,-132,260
2014,1244,25,4,1574,277,1945,257,-371,20
2014,1245,16,15,1012,1132,1132,1008,-120,124
2014,1246,10,24,698,1883,758,1508,-60,375
2014,1247,16,15,997,1103,1177,943,-180,160
2014,1248,20,10,1381,752,1617,644,-236,108
2014,1249,26,4,1713,288,2066,252,-353,36
2014,1250,18,14,1101,1020,1282,925,-181,95
2014,1251,21,8,1401,599,1575,506,-174,93
2014,1252,15,14,1052,1136,1229,1048,-177,88
2014,1253,17,13,1082,1001,1254,867,-172,134
2014,1254,20,9,1382,698,1652,663,-270,35
2014,1255,24,4,1558,315,2003,283,-445,32
2014,1256,7,26,483,2166,555,1609,-72,557
2014,1257,5,29,349,2443,380,1693,-31,750
2014,1258,19,12,1291,954,1518,867,-227,87
2014,1259,19,10,1142,728,1414,669,-272,59
2014,1260,22,9,1315,707,1507,627,-192,80
2014,1261,13,19,919,1483,1045,1235,-126,248
2014,1262,18,9,1023,622,1348,545,-325,77
2014,1263,23,5,1585,395,1980,360,-395,35
2014,1264,7,25,514,1962,553,1687,-39,275
2014,1265,19,12,1210,909,1451,782,-241,127
2014,1266,15,17,993,1317,1131,1068,-138,249
2014,1267,22,9,1474,671,1674,567,-200,104
2014,1268,15,17,1003,1267,1122,1044,-119,223
2014,1269,8,24,541,1894,595,1669,-54,225
2014,1270,20,9,1231,707,1570,633,-339,74
2014,1271,23,5,1455,384,1790,341,-335,43
2014,1272,9,22,639,1743,749,1426,-110,317
2014,1273,8,23,579,1814,660,1431,-81,383
2014,1274,16,17,865,1164,995,969,-130,195
2014,1275,17,13,1035,925,1257,838,-222,87
2014,1276,8,25,506,1949,583,1574,-77,375
2014,1277,8,26,492,2090,544,1677,-52,413
2014,1278,13,19,832,1436,973,1197,-141,239
2014,1279,14,19,1003,1479,1123,1277,-120,202
2014,1280,19,14,1187,1047,1455,898,-268,149
2014,1281,11,22,722,1683,828,1465,-106,218
2014,1282,19,10,1219,790,1510,704,-291,86
2014,1283,12,19,729,1389,916,1212,-187,177
2014,1284,21,11,1360,848,1607,731,-247,117
2014,1285,13,15,878,1081,989,950,-111,131
2014,1286,17,12,1052,839,1277,755,-225,84
2014,1287,13,18,873,1454,1017,1261,-144,193
2014,1288,16,15,1017,1198,1210,1029,-193,169
2014,1290,23,6,1535,462,1939,427,-404,35
2014,1291,16,16,1124,1316,1334,1161,-210,155
2014,1292,9,22,528,1594,631,1319,-103,275
2014,1293,11,16,796,1263,904,1079,-108,184
2014,1294,13,16,869,1230,1003,1032,-134,198
2014,1295,6,22,407,1686,471,1418,-64,268
2014,1296,17,14,1004,877,1185,766,-181,111
2014,1297,21,9,1337,707,1600,611,-263,96
2014,1298,21,8,1144,578,1419,491,-275,87
2014,1299,23,8,1413,585,1732,546,-319,39
2014,1300,5,26,308,1931,355,1482,-47,449
2014,1301,13,21,831,1576,991,1371,-160,205
2014,1303,14,13,1020,1113,1150,929,-130,184
2014,1304,12,19,754,1323,899,1112,-145,211
2014,1305,17,15,1180,1136,1331,1033,-151,103
2014,1306,24,5,1307,334,1595,280,-288,54
2014,1307,6,27,380,2083,426,1764,-46,319
2014,1308,9,25,608,1998,681,1614,-73,384
2014,1309,15,9,977,699,1285,619,-308,80
2014,1310,26,7,1955,529,2222,487,-267,42
2014,1311,15,13,945,954,1192,860,-247,94
2014,1312,16,9,1036,681,1218,625,-182,56
2014,1313,14,16,923,1139,1070,1008,-147,131
2014,1314,9,23,608,1834,674,1536,-66,298
2014,1315,16,15,1093,1170,1300,1045,-207,125
2014,1316,16,14,1070,1049,1284,961,-214,88
2014,1317,16,14,1060,1015,1279,890,-219,125
2014,1318,21,11,1354,755,1534,665,-180,90
2014,1319,17,14,1082,979,1303,827,-221,152
2014,1320,15,15,1012,1158,1137,960,-125,198
2014,1321,19,14,1042,922,1320,771,-278,151
2014,1322,14,15,1089,1389,1243,1204,-154,185
2014,1323,17,15,1124,1179,1256,1002,-132,177
2014,1324,20,11,1353,929,1587,850,-234,79
2014,1325,11,22,747,1605,848,1367,-101,238
2014,1326,9,25,583,1790,637,1395,-54,395
2014,1328,9,23,692,1937,752,1676,-60,261
2014,1329,12,21,878,1773,950,1330,-72,443
2014,1330,17,16,976,1117,1195,932,-219,185
2014,1331,16,15,1072,1142,1212,956,-140,186
2014,1332,9,23,670,1949,731,1637,-61,312
2014,1333,15,16,1082,1251,1229,1095,-147,156
2014,1334,15,14,982,1110,1189,976,-207,134
2014,1335,20,8,1280,631,1535,560,-255,71
2014,1336,17,15,1138,1150,1293,976,-155,174
2014,1337,16,14,1089,1036,1264,915,-175,121
2014,1338,9,25,515,1949,560,1560,-45,389
2014,1339,16,15,1079,1248,1196,1037,-117,211
2014,1340,14,15,933,1145,1083,1033,-150,112
2014,1341,23,10,1528,734,1894,656,-366,78
2014,1342,26,4,1605,310,2043,268,-438,42
2014,1343,8,19,529,1393,578,1172,-49,221
2014,1344,11,23,727,1762,835,1529,-108,233
2014,1345,17,15,1144,1168,1301,992,-157,176
2014,1346,11,20,761,1692,894,1485,-133,207
2014,1347,12,18,806,1472,964,1282,-158,190
2014,1348,18,13,1106,997,1272,843,-166,154
2014,1349,23,5,1343,372,1608,359,-265,13
2014,1350,14,19,840,1356,1006,1144,-166,212
2014,1351,17,14,1155,1137,1373,1001,-218,136
2014,1352,13,21,881,1552,1051,1372,-170,180
2014,1353,21,11,1363,868,1655,771,-292,97
2014,1354,21,7,1227,509,1587,464,-360,45
2014,1355,12,16,807,1197,952,994,-145,203
2014,1356,19,13,1195,917,1347,787,-152,130
2014,1357,26,5,1795,367,2061,317,-266,50
2014,1358,10,21,617,1673,743,1460,-126,213
2014,1359,20,10,1324,769,1651,667,-327,102
2014,1360,16,14,1007,965,1146,832,-139,133
2014,1361,4,27,224,1895,259,1534,-35,361
2014,1362,11,19,790,1425,918,1238,-128,187
2014,1363,24,5,1387,391,1744,353,-357,38
2014,1364,9,19,591,1389,679,1179,-88,210
2014,1365,19,12,1274,885,1459,766,-185,119
2014,1366,19,11,1063,745,1340,594,-277,151
2014,1367,14,17,969,1275,1072,1086,-103,189
2014,1368,18,10,1181,721,1416,637,-235,84
2014,1369,14,16,1055,1372,1168,1226,-113,146
2014,1370,17,11,1188,785,1345,677,-157,108
2014,1371,17,17,1139,1303,1251,1124,-112,179
2014,1372,2,29,120,2231,138,1816,-18,415
2014,1373,17,15,1186,1051,1361,931,-175,120
2014,1374,9,23,599,1685,669,1324,-70,361
2014,1375,20,8,1283,604,1489,526,-206,78
2014,1376,20,14,1255,1068,1514,862,-259,206
2014,1377,18,9,1177,629,1398,577,-221,52
2014,1378,20,12,1215,885,1466,798,-251,87
2014,1379,6,25,368,1823,465,1498,-97,325
2014,1380,13,16,794,1185,933,938,-139,247
2014,1381,27,1,1548,77,2022,71,-474,6
2014,1382,15,18,1022,1399,1138,1175,-116,224
2014,1383,14,17,916,1208,1039,1046,-123,162
2014,1384,21,10,1188,728,1502,648,-314,80
2014,1385,12,20,806,1519,889,1256,-83,263
2014,1386,9,24,588,1764,695,1514,-107,250
2014,1387,6,25,377,1795,414,1502,-37,293
2014,1388,11,21,648,1645,772,1353,-124,292
2014,1389,17,14,1022,939,1190,852,-168,87
2014,1390,12,21,805,1621,931,1334,-126,287
2014,1391,24,7,1449,467,1811,441,-362,26
2014,1392,10,22,673,1617,765,1357,-92,260
2014,1393,5,27,300,1881,336,1568,-36,313
2014,1394,14,16,891,1161,1027,998,-136,163
2014,1395,22,8,1320,580,1680,497,-360,83
2014,1396,22,9,1554,737,1778,643,-224,94
2014,1397,12,20,717,1539,808,1156,-91,383
2014,1398,25,4,1666,287,1918,262,-252,25
2014,1399,16,15,1033,1139,1246,1035,-213,104
2014,1400,10,23,693,1753,819,1492,-126,261
2014,1401,15,17,834,1251,1021,1009,-187,242
2014,1402,23,6,1345,406,1598,337,-253,69
2014,1403,18,14,1135,1055,1333,857,-198,198
2014,1404,23,6,1626,504,1943,437,-317,67
2014,1405,6,26,436,2097,512,1857,-76,240
2014,1406,10,22,629,1683,759,1424,-130,259
2014,1407,20,9,1240,705,1442,598,-202,107
2014,1408,16,16,928,1113,1250,993,-322,120
2014,1409,12,21,844,1568,950,1273,-106,295
2014,1410,23,8,1426,581,1691,509,-265,72
2014,1411,14,18,993,1409,1125,1210,-132,199
2014,1412,13,16,905,1189,1020,1029,-115,160
2014,1413,22,7,1471,530,1797,488,-326,42
2014,1414,11,21,772,1441,881,1153,-109,288
2014,1415,21,8,1339,601,1546,548,-207,53
2014,1416,18,11,1156,914,1394,757,-238,157
2014,1417,8,26,557,2225,627,1779,-70,446
2014,1418,11,20,804,1671,924,1439,-120,232
2014,1419,17,9,968,686,1205,585,-237,101
2014,1420,21,8,1316,568,1594,512,-278,56
2014,1421,15,14,1101,1130,1273,996,-172,134
2014,1422,18,11,1193,810,1445,738,-252,72
2014,1423,23,7,1382,484,1680,425,-298,59
2014,1424,13,20,843,1512,950,1214,-107,298
2014,1425,21,10,1405,780,1677,676,-272,104
2014,1426,17,13,1269,982,1472,899,-203,83
2014,1427,21,6,1352,489,1682,431,-330,58
2014,1428,11,19,672,1497,749,1208,-77,289
2014,1429,14,17,855,1276,1016,1063,-161,213
2014,1430,11,18,646,1259,801,1114,-155,145
2014,1431,10,21,647,1493,740,1256,-93,237
2014,1433,8,26,541,2008,600,1605,-59,403
2014,1434,15,15,955,1132,1123,948,-168,184
2014,1435,16,15,956,1046,1108,924,-152,122
2014,1436,10,20,646,1471,750,1078,-104,393
2014,1437,4,28,273,2240,339,1792,-66,448
2014,1438,6,28,352,1890,413,1467,-61,423
2014,1439,22,9,1247,703,1498,579,-251,124
2014,1440,12,15,881,1366,1029,1204,-148,162
2014,1441,15,16,1014,1249,1164,1109,-150,140
2014,1442,20,7,1119,487,1327,409,-208,78
2014,1443,12,19,769,1324,903,1194,-134,130
2014,1444,9,22,554,1683,654,1457,-100,226
2014,1447,12,18,816,1326,947,1108,-131,218
2014,1448,16,17,995,1305,1239,1102,-244,203
2014,1449,15,17,1026,1358,1210,1180,-184,178
2014,1450,21,9,1215,639,1514,517,-299,122
2014,1451,11,17,717,1296,824,1084,-107,212
2014,1452,15,17,1026,1455,1182,1163,-156,292
2014,1453,6,21,377,1608,433,1339,-56,269
2014,1454,13,20,815,1508,1006,1334,-191,174
2014,1455,,33,,2473,,1976,,497
2014,1456,12,19,774,1472,948,1273,-174,199
2014,1457,13,17,847,1314,1012,1145,-165,169
2014,1458,7,26,467,1960,517,1614,-50,346
2014,1459,12,17,698,1199,845,986,-147,213
2014,1460,14,18,909,1218,1008,1029,-99,189
2014,1461,14,16,823,1116,913,946,-90,170
2014,1462,12,21,814,1569,939,1303,-125,266
2014,1463,13,14,768,1009,924,879,-156,130
2014,1464,17,12,1271,896,1410,787,-139,109
2015,1101,21,7,1166,542,1555,457,-389,85
2015,1102,17,12,1038,839,1235,675,-197,164
2015,1103,14,20,894,1396,992,1158,-98,238
2015,1104,14,17,914,1152,1024,976,-110,176
2015,1105,20,8,1137,579,1417,507,-280,72
2015,1106,10,17,656,1253,777,1031,-121,222
2015,1107,8,24,469,1627,543,1384,-74,243
2015,1108,25,5,1517,384,1897,328,-380,56
2015,1110,16,17,849,1089,981,952,-132,137
2015,1111,17,12,1012,829,1294,739,-282,90
2015,1112,3,31,201,2398,210,1783,-9,615
2015,1113,15,17,972,1250,1119,1007,-147,243
2015,1114,18,12,1168,901,1326,790,-158,111
2015,1115,20,12,1084,828,1436,704,-352,124
2015,1116,8,26,557,2096,633,1752,-76,344
2015,1117,18,10,1082,692,1333,617,-251,75
2015,1119,15,14,1010,1061,1167,948,-157,113
2015,1120,20,14,1224,1072,1493,969,-269,103
2015,1122,22,6,1387,406,1694,369,-307,37
2015,1123,23,6,1439,421,1663,345,-224,76
2015,1124,9,23,526,1686,589,1341,-63,345
2015,1125,10,21,670,1617,764,1411,-94,206
2015,1126,21,9,1121,590,1356,507,-235,83
2015,1127,25,5,1369,342,1715,295,-346,47
2015,1129,8,23,463,1703,525,1364,-62,339
2015,1130,19,13,1194,911,1384,773,-190,138
2015,1131,17,12,1137,831,1310,731,-173,100
2015,1132,10,20,623,1379,691,1157,-68,222
2015,1133,24,8,1308,494,1561,427,-253,67
2015,1135,18,11,1114,771,1355,682,-241,89
2015,1136,15,16,918,1140,1083,1017,-165,123
2015,1137,14,18,901,1283,1049,1159,-148,124
2015,1138,9,23,607,1793,678,1507,-71,286
2015,1139,10,22,586,1640,670,1288,-84,352
2015,1140,9,23,674,1945,728,1606,-54,339
2015,1141,8,20,542,1555,624,1270,-82,285
2015,1142,16,11,858,757,1002,640,-144,117
2015,1143,15,18,865,1330,1102,1119,-237,211
2015,1144,22,7,1324,471,1573,391,-249,80
2015,1145,14,16,838,1088,946,922,-108,166
2015,1146,27,2,1750,144,2245,139,-495,5
2015,1148,26,5,1531,303,1900,273,-369,30
2015,1149,11,16,696,1247,844,1069,-148,178
2015,1150,18,14,1251,1111,1360,957,-109,154
2015,1151,10,20,615,1496,744,1294,-129,202
2015,1152,24,5,1260,342,1650,308,-390,34
2015,1153,10,22,527,1469,606,1163,-79,306
2015,1154,19,8,1132,551,1388,517,-256,34
2015,1155,15,16,864,1080,1022,905,-158,175
2015,1156,14,16,827,1135,910,955,-83,180
2015,1157,9,20,611,1433,694,1181,-83,252
2015,1158,24,9,1352,582,1649,482,-297,100
2015,1159,17,15,1056,1033,1184,889,-128,144
2015,1160,17,15,1010,1183,1211,956,-201,227
2015,1161,6,26,339,1951,395,1640,-56,311
2015,1162,15,12,909,795,1029,645,-120,150
2015,1163,14,20,815,1367,918,1115,-103,252
2015,1164,23,7,1540,576,1992,516,-452,60
2015,1165,17,12,964,797,1129,680,-165,117
2015,1166,19,14,1154,1067,1312,895,-158,172
2015,1167,19,11,1140,699,1272,585,-132,114
2015,1168,22,7,1358,484,1631,429,-273,55
2015,1169,24,7,1466,523,1748,458,-282,65
2015,1170,11,18,711,1314,843,1158,-132,156
2015,1171,14,14,817,946,943,799,-126,147
2015,1172,7,23,476,1899,563,1509,-87,390
2015,1173,8,25,498,1753,561,1449,-63,304
2015,1174,20,10,1272,707,1513,648,-241,59
2015,1175,17,16,1094,1188,1342,1056,-248,132
2015,1176,18,12,998,867,1187,703,-189,164
2015,1177,20,12,1324,896,1586,768,-262,128
2015,1178,18,13,1175,973,1371,851,-196,122
2015,1179,22,8,1187,573,1524,484,-337,89
2015,1180,18,11,1032,703,1268,608,-236,95
2015,1181,4,29,286,2374,328,1836,-42,538
2015,1182,19,11,1267,855,1530,722,-263,133
2015,1183,14,15,812,980,1000,879,-188,101
2015,1184,11,17,721,1206,806,999,-85,207
2015,1185,13,17,809,1238,953,1025,-144,213
2015,1186,8,23,552,1908,620,1682,-68,226
2015,1187,19,12,1105,820,1353,691,-248,129
2015,1188,16,10,999,702,1192,580,-193,122
2015,1189,18,13,1127,974,1317,884,-190,90
2015,1190,14,14,934,1066,1037,985,-103,81
2015,1191,12,18,730,1302,829,1129,-99,173
2015,1192,21,7,1325,529,1567,502,-242,27
2015,1193,24,7,1375,470,1636,405,-261,65
2015,1194,20,7,1207,480,1432,410,-225,70
2015,1195,10,19,591,1375,713,1152,-122,223
2015,1196,17,16,1035,1066,1158,824,-123,242
2015,1197,27,2,1486,121,2008,107,-522,14
2015,1198,17,14,1015,907,1247,816,-232,91
2015,1199,16,17,984,1215,1145,1065,-161,150
2015,1200,21,9,1270,651,1528,539,-258,112
2015,1201,17,13,1032,868,1219,787,-187,81
2015,1202,22,9,1335,609,1633,531,-298,78
2015,1203,12,21,663,1554,801,1224,-138,330
2015,1204,9,19,541,1298,592,1126,-51,172
2015,1205,14,16,942,1248,1121,1126,-179,122
2015,1206,22,8,1329,568,1575,503,-246,65
2015,1207,10,21,613,1579,692,1312,-79,267
2015,1208,11,21,717,1470,801,1253,-84,217
2015,1209,9,23,603,1657,682,1316,-79,341
2015,1210,19,12,1139,823,1297,705,-158,118
2015,1211,2,31,133,2448,139,1877,-6,571
2015,1212,27,,1380,,1992,,-612,
2015,1213,14,15,886,1081,1055,942,-169,139
2015,1214,17,16,1040,1176,1243,1001,-203,175
2015,1216,16,13,941,834,1110,764,-169,70
2015,1217,7,20,349,1355,443,1127,-94,228
2015,1218,13,20,866,1502,979,1274,-113,228
2015,1219,9,19,580,1413,696,1238,-116,175
2015,1220,13,20,966,1621,1070,1233,-104,388
2015,1221,16,13,974,906,1154,796,-180,110
2015,1222,19,13,1116,944,1303,794,-187,150
2015,1223,16,8,1059,595,1309,526,-250,69
2015,1224,16,13,920,837,1093,723,-173,114
2015,1225,17,11,1246,892,1364,801,-118,91
2015,1226,23,5,1418,364,1633,319,-215,45
2015,1227,24,8,1465,570,1760,515,-295,55
2015,1228,13,19,779,1444,914,1107,-135,337
2015,1229,12,20,765,1403,842,1165,-77,238
2015,1230,10,14,740,1117,853,981,-113,136
2015,1231,13,20,910,1647,1033,1324,-123,323
2015,1232,16,14,993,989,1178,855,-185,134
2015,1233,8,26,605,2102,670,1806,-65,296
2015,1234,11,21,654,1567,778,1202,-124,365
2015,1235,8,25,567,2019,620,1666,-53,353
2015,1236,14,13,851,998,988,848,-137,150
2015,1237,21,10,1222,661,1465,615,-243,46
2015,1238,21,11,1189,752,1451,581,-262,171
2015,1239,22,7,1293,540,1667,463,-374,77
2015,1240,19,10,1056,714,1362,644,-306,70
2015,1241,13,19,791,1354,992,1189,-201,165
2015,1242,8,26,498,1923,579,1620,-81,303
2015,1243,17,15,962,1054,1123,919,-161,135
2015,1244,22,8,1243,612,1665,557,-422,55
2015,1245,11,20,691,1350,775,1180,-84,170
2015,1246,,34,,2547,,1835,,712
2015,1247,16,17,940,1146,1058,997,-118,149
2015,1248,12,19,802,1481,955,1295,-153,186
2015,1249,15,11,978,797,1202,689,-224,108
2015,1250,14,15,828,1114,940,986,-112,128
2015,1251,24,4,1445,280,1757,236,-312,44
2015,1252,17,11,1108,869,1357,779,-249,90
2015,1253,17,14,1057,976,1267,844,-210,132
2015,1254,18,12,1152,870,1347,788,-195,82
2015,1255,23,9,1444,682,1737,627,-293,55
2015,1256,8,24,536,1790,617,1465,-81,325
2015,1257,8,24,463,1752,529,1376,-66,376
2015,1258,23,7,1336,510,1662,466,-326,44
2015,1259,19,11,1023,741,1310,675,-287,66
2015,1260,13,17,707,1129,873,931,-166,198
2015,1261,10,22,661,1697,719,1448,-58,249
2015,1262,17,11,951,727,1228,643,-277,84
2015,1263,27,3,1593,219,2038,206,-445,13
2015,1264,13,19,831,1405,944,1216,-113,189
2015,1265,25,7,1464,493,1740,461,-276,32
2015,1266,19,13,1173,910,1393,752,-220,158
2015,1267,21,9,1271,689,1578,569,-307,120
2015,1268,6,27,361,1932,442,1645,-81,287
2015,1269,15,17,975,1245,1140,1115,-165,130
2015,1270,16,11,1035,786,1248,698,-213,88
2015,1271,14,18,848,1317,1026,1120,-178,197
2015,1272,14,18,836,1319,1003,1016,-167,303
2015,1273,15,16,853,1190,980,994,-127,196
2015,1274,12,21,720,1537,838,1245,-118,292
2015,1275,19,12,1200,854,1417,763,-217,91
2015,1276,16,15,938,1041,1104,876,-166,165
2015,1277,11,23,745,1699,817,1339,-72,360
2015,1278,15,17,968,1372,1080,1096,-112,276
2015,1279,12,20,828,1496,890,1270,-62,226
2015,1280,19,12,1077,841,1272,714,-195,127
2015,1281,23,8,1311,550,1634,479,-323,71
2015,1282,19,12,1158,832,1368,713,-210,119
2015,1283,20,9,1139,569,1406,493,-267,76
2015,1284,15,18,920,1214,1052,1058,-132,156
2015,1285,12,18,835,1287,933,1109,-98,178
2015,1286,23,6,1350,488,1687,424,-337,64
2015,1287,17,15,1025,1187,1159,968,-134,219
2015,1288,24,7,1441,457,1783,416,-342,41
2015,1290,26,6,1627,418,2187,375,-560,43
2015,1291,15,15,827,1066,1044,901,-217,165
2015,1292,16,18,938,1214,1103,1016,-165,198
2015,1293,5,25,342,1998,411,1634,-69,364
2015,1294,15,13,1037,1029,1190,893,-153,136
2015,1295,9,21,534,1384,662,1187,-128,197
2015,1296,16,13,949,936,1110,823,-161,113
2015,1297,17,11,1057,855,1290,688,-233,167
2015,1298,19,12,1058,827,1298,719,-240,108
2015,1299,23,7,1254,481,1588,409,-334,72
2015,1300,7,22,374,1501,472,1119,-98,382
2015,1301,13,20,816,1507,931,1228,-115,279
2015,1303,17,11,1205,927,1388,801,-183,126
2015,1304,18,13,1016,889,1211,746,-195,143
2015,1305,22,7,1244,480,1531,399,-287,81
2015,1306,12,17,716,1175,796,1012,-80,163
2015,1307,16,15,924,997,1049,817,-125,180
2015,1308,10,21,637,1470,708,1144,-71,326
2015,1309,18,8,1172,612,1390,537,-218,75
2015,1310,22,8,1367,563,1646,508,-279,55
2015,1311,19,7,1134,510,1468,450,-334,60
2015,1312,11,14,656,1055,774,920,-118,135
2015,1313,13,18,768,1373,933,1148,-165,225
2015,1314,11,24,764,1963,855,1539,-91,424
2015,1315,22,6,1433,445,1707,407,-274,38
2015,1316,11,20,741,1551,858,1266,-117,285
2015,1317,17,12,1033,830,1257,729,-224,101
2015,1318,11,23,679,1653,781,1429,-102,224
2015,1319,14,18,886,1289,1026,1137,-140,152
2015,1320,3,30,196,1961,219,1573,-23,388
2015,1321,17,15,995,1036,1205,861,-210,175
2015,1322,12,15,902,1361,1089,1176,-187,185
2015,1323,5,29,322,2358,368,1864,-46,494
2015,1324,16,14,1095,1097,1306,959,-211,138
2015,1325,20,10,1250,778,1519,647,-269,131
2015,1326,10,23,613,1889,693,1366,-80,523
2015,1328,10,22,641,1661,712,1296,-71,365
2015,1329,13,17,771,1225,908,979,-137,246
2015,1330,7,24,402,1624,478,1280,-76,344
2015,1331,14,16,831,1189,1006,1069,-175,120
2015,1332,9,24,608,1867,741,1601,-133,266
2015,1333,14,16,753,1048,935,837,-182,211
2015,1334,19,9,1149,615,1378,568,-229,47
2015,1335,19,9,1107,580,1378,504,-271,76
2015,1336,16,18,1022,1251,1156,1094,-134,157
2015,1337,13,17,767,1132,882,967,-115,165
2015,1338,14,18,864,1280,1005,1097,-141,183
2015,1339,15,15,1000,1091,1159,913,-159,178
2015,1340,14,13,899,1006,1089,894,-190,112
2015,1341,18,14,1108,1039,1363,869,-255,170
2015,1342,22,6,1243,423,1605,390,-362,33
2015,1343,14,15,889,1081,1026,898,-137,183
2015,1344,11,22,690,1627,809,1352,-119,275
2015,1345,12,21,775,1535,892,1237,-117,298
2015,1346,15,15,980,1112,1068,958,-88,154
2015,1347,11,18,705,1323,819,1172,-114,151
2015,1348,9,21,531,1454,589,1194,-58,260
2015,1349,19,10,1147,725,1286,646,-139,79
2015,1350,13,19,812,1280,877,1058,-65,222
2015,1351,11,21,655,1439,779,1262,-124,177
2015,1352,14,19,868,1409,1051,1184,-183,225
2015,1353,22,10,1246,652,1573,577,-327,75
2015,1354,22,9,1194,599,1551,549,-357,50
2015,1355,10,21,663,1570,745,1267,-82,303
2015,1356,21,11,1149,743,1358,626,-209,117
2015,1357,17,14,1167,1089,1338,961,-171,128
2015,1358,8,21,492,1542,552,1218,-60,324
2015,1359,19,12,1242,880,1455,786,-213,94
2015,1360,16,14,923,1012,1054,834,-131,178
2015,1361,8,25,422,1607,481,1276,-59,331
2015,1362,18,13,1151,978,1364,757,-213,221
2015,1363,28,,1471,,1979,,-508,
2015,1364,13,17,837,1174,958,972,-121,202
2015,1365,18,12,1049,831,1300,715,-251,116
2015,1366,22,7,1140,476,1526,435,-386,41
2015,1367,11,19,705,1360,801,1087,-96,273
2015,1368,23,8,1464,630,1717,527,-253,103
2015,1369,17,11,1094,813,1273,676,-179,137
2015,1370,15,14,863,922,1110,721,-247,201
2015,1371,15,16,925,1194,1113,994,-188,200
2015,1372,4,26,254,2115,298,1667,-44,448
2015,1373,20,11,1343,821,1554,735,-211,86
2015,1374,6,26,373,1848,423,1488,-50,360
2015,1375,21,10,1299,822,1543,777,-244,45
2015,1376,16,16,926,1142,1088,906,-162,236
2015,1377,16,15,1049,1090,1218,965,-169,125
2015,1378,23,8,1320,575,1633,495,-313,80
2015,1379,20,7,1102,488,1414,445,-312,43
2015,1380,17,15,983,1018,1179,877,-196,141
2015,1381,19,9,1264,655,1496,605,-232,50
2015,1382,13,18,774,1311,897,1108,-123,203
2015,1383,11,22,706,1548,783,1323,-77,225
2015,1384,15,15,820,1075,969,945,-149,130
2015,1385,11,20,727,1458,882,1201,-155,257
2015,1386,18,13,1054,858,1244,755,-190,103
2015,1387,21,10,1170,662,1469,605,-299,57
2015,1388,9,20,540,1460,635,1207,-95,253
2015,1389,18,16,1003,1078,1148,900,-145,178
2015,1390,13,19,900,1414,1019,1144,-119,270
2015,1391,22,6,1382,434,1686,397,-304,37
2015,1392,11,21,621,1440,746,1181,-125,259
2015,1393,13,18,824,1272,948,1017,-124,255
2015,1394,13,17,779,1187,904,1037,-125,150
2015,1395,15,18,932,1317,1095,963,-163,354
2015,1396,10,23,539,1600,672,1328,-133,272
2015,1397,16,16,944,1081,1113,942,-169,139
2015,1398,26,3,1439,182,1824,161,-385,21
2015,1399,18,10,1166,782,1338,680,-172,102
2015,1400,13,20,841,1401,953,1040,-112,361
2015,1401,11,20,656,1427,743,1186,-87,241
2015,1402,17,11,906,769,1064,664,-158,105
2015,1403,19,13,1024,925,1338,721,-314,204
2015,1404,12,16,741,1150,871,987,-130,163
2015,1405,13,20,932,1551,1032,1311,-100,240
2015,1406,20,11,1202,735,1387,650,-185,85
2015,1407,19,8,1224,557,1374,505,-150,52
2015,1408,16,14,911,973,1097,842,-186,131
2015,1409,9,22,502,1488,620,1225,-118,263
2015,1410,21,7,1205,465,1523,421,-318,44
2015,1411,12,22,691,1627,870,1423,-179,204
2015,1412,15,18,973,1274,1118,1102,-145,172
2015,1413,6,23,415,1649,468,1440,-53,209
2015,1414,12,19,757,1314,854,1113,-97,201
2015,1415,17,12,1010,838,1206,743,-196,95
2015,1416,18,11,1104,801,1360,734,-256,67
2015,1417,13,20,742,1634,919,1326,-177,308
2015,1418,13,17,899,1339,1016,1085,-117,254
2015,1419,12,17,613,1165,732,1020,-119,145
2015,1420,26,4,1409,273,1782,231,-373,42
2015,1421,16,12,1064,922,1232,797,-168,125
2015,1422,22,8,1420,620,1643,506,-223,114
2015,1423,13,17,802,1261,972,1094,-170,167
2015,1424,15,17,936,1201,1069,1003,-133,198
2015,1425,20,12,1301,842,1537,734,-236,108
2015,1426,15,15,1002,1129,1181,975,-179,154
2015,1427,16,12,1052,897,1215,754,-163,143
2015,1428,8,23,466,1756,530,1243,-64,513
2015,1429,13,17,845,1144,950,960,-105,184
2015,1430,19,9,976,622,1301,517,-325,105
2015,1431,10,22,598,1618,664,1359,-66,259
2015,1433,9,26,545,1992,643,1650,-98,342
2015,1434,5,25,272,1780,322,1470,-50,310
2015,1435,13,18,812,1335,884,1093,-72,242
2015,1436,13,17,786,1179,863,885,-77,294
2015,1437,2,32,119,2474,144,1926,-25,548
2015,1438,3,29,187,1904,199,1425,-12,479
2015,1439,22,11,1332,824,1589,700,-257,124
2015,1440,19,9,1369,789,1650,674,-281,115
2015,1441,17,13,1153,940,1330,831,-177,109
2015,1442,20,6,1150,432,1461,404,-311,28
2015,1443,12,18,768,1324,875,1170,-107,154
2015,1444,13,18,819,1369,942,1215,-123,154
2015,1447,20,9,1284,685,1560,597,-276,88
2015,1448,19,13,1231,978,1483,824,-252,154
2015,1449,15,16,978,1150,1141,964,-163,186
2015,1450,18,13,1095,1094,1382,991,-287,103
2015,1451,17,11,1080,747,1254,679,-174,68
2015,1452,9,23,580,1786,696,1443,-116,343
2015,1453,8,22,470,1560,556,1272,-86,288
2015,1454,16,12,973,851,1237,727,-264,124
2015,1455,4,27,238,1888,264,1465,-26,423
2015,1456,12,18,793,1368,906,1129,-113,239
2015,1457,13,16,879,1199,982,995,-103,204
2015,1458,3,31,185,2259,206,1702,-21,557
2015,1459,6,26,332,1776,426,1496,-94,280
2015,1460,20,9,1197,635,1428,557,-231,78
2015,1461,9,23,447,1519,552,1270,-105,249
2015,1462,13,21,915,1586,1007,1293,-92,293
2015,1463,10,20,612,1353,686,1147,-74,206
2015,1464,21,8,1425,629,1656,569,-231,60
2016,1101,18,9,1182,704,1423,636,-241,68
2016,1102,18,12,1173,850,1428,780,-255,70
2016,1103,8,25,544,1975,617,1662,-73,313
2016,1104,14,18,859,1280,1033,1137,-174,143
2016,1105,18,10,1152,727,1311,642,-159,85
2016,1106,17,12,1160,872,1346,794,-186,78
2016,1107,8,23,529,1784,575,1462,-46,322
2016,1108,15,13,914,950,1194,841,-280,109
2016,1110,19,12,993,792,1326,710,-333,82
2016,1111,22,9,1498,689,1792,606,-294,83
2016,1112,8,25,623,2057,656,1621,-33,436
2016,1113,17,15,1172,1173,1371,996,-199,177
2016,1114,4,27,271,1899,296,1566,-25,333
2016,1115,25,8,1374,493,1856,466,-482,27
2016,1116,16,16,1130,1371,1281,1109,-151,262
2016,1117,20,9,1400,697,1612,633,-212,64
2016,1119,13,18,916,1465,1061,1280,-145,185
2016,1120,20,11,1249,943,1586,835,-337,108
2016,1122,17,16,1132,1334,1337,1207,-205,127
2016,1123,13,18,836,1325,935,1127,-99,198
2016,1124,11,21,723,1719,847,1381,-124,338
2016,1125,11,19,829,1645,921,1442,-92,203
2016,1126,18,12,1183,889,1465,762,-282,127
2016,1127,22,8,1258,569,1570,489,-312,80
2016,1129,12,18,855,1425,932,1225,-77,200
2016,1130,25,7,1437,522,1851,405,-414,117
2016,1131,14,17,975,1281,1149,1113,-174,168
2016,1132,18,14,1143,1074,1406,940,-263,134
2016,1133,27,4,1488,244,1951,234,-463,10
2016,1135,20,7,1402,569,1606,506,-204,63
2016,1136,23,7,1399,537,1801,491,-402,46
2016,1137,13,16,955,1306,1078,1059,-123,247
2016,1138,14,19,954,1574,1144,1362,-190,212
2016,1139,10,21,657,1841,757,1449,-100,392
2016,1140,10,22,749,1912,802,1524,-53,388
2016,1141,15,14,1082,1084,1227,917,-145,167
2016,1142,20,8,1376,639,1573,565,-197,74
2016,1143,10,23,682,1797,740,1472,-58,325
2016,1144,18,9,1180,743,1377,665,-197,78
2016,1145,19,14,1365,1161,1569,1018,-204,143
2016,1146,21,7,1430,680,1776,568,-346,112
2016,1148,25,4,1586,302,1990,278,-404,24
2016,1149,21,6,1409,441,1665,410,-256,31
2016,1150,19,14,1303,1281,1539,1092,-236,189
2016,1151,5,27,297,2096,363,1784,-66,312
2016,1152,28,1,1740,77,2215,70,-475,7
2016,1153,10,22,682,1660,733,1279,-51,381
2016,1154,22,7,1776,635,2133,603,-357,32
2016,1155,14,17,930,1229,1036,963,-106,266
2016,1156,23,7,1357,451,1680,406,-323,45
2016,1157,11,15,729,1120,809,969,-80,151
2016,1158,14,16,859,1080,939,930,-80,150
2016,1159,17,12,1091,912,1291,786,-200,126
2016,1160,11,21,700,1714,799,1463,-99,251
2016,1161,16,16,1155,1371,1286,1215,-131,156
2016,1162,10,19,732,1427,798,1218,-66,209
2016,1163,10,24,613,1883,684,1461,-71,422
2016,1164,22,7,1532,536,1882,467,-350,69
2016,1165,18,9,1195,721,1490,656,-295,65
2016,1166,14,18,964,1582,1090,1247,-126,335
2016,1167,8,21,499,1582,581,1254,-82,328
2016,1168,20,8,1354,587,1588,531,-234,56
2016,1169,20,8,1371,621,1590,570,-219,51
2016,1170,17,12,1147,889,1317,815,-170,74
2016,1171,18,9,1181,690,1370,563,-189,127
2016,1172,12,19,833,1618,1006,1416,-173,202
2016,1173,7,25,464,1878,527,1579,-63,299
2016,1174,23,7,1513,473,1849,421,-336,52
2016,1175,25,5,1460,341,1905,317,-445,24
2016,1176,15,16,880,1141,1024,1000,-144,141
2016,1177,22,9,1390,702,1724,601,-334,101
2016,1178,15,14,1204,1181,1374,1058,-170,123
2016,1179,24,6,1527,469,1785,393,-258,76
2016,1180,24,6,1508,385,1764,348,-256,37
2016,1181,10,23,700,1988,765,1613,-65,375
2016,1182,16,15,1159,1257,1344,1068,-185,189
2016,1183,17,11,1100,866,1318,783,-218,83
2016,1184,16,14,1151,1245,1313,1073,-162,172
2016,1185,15,14,1083,1118,1286,955,-203,163
2016,1186,15,15,1103,1287,1256,1076,-153,211
2016,1187,20,12,1262,924,1522,779,-260,145
2016,1188,22,6,1399,440,1662,406,-263,34
2016,1189,16,14,1100,1139,1270,1009,-170,130
2016,1190,11,21,754,1685,884,1510,-130,175
2016,1191,9,24,554,1888,627,1535,-73,353
2016,1192,14,17,979,1403,1165,1269,-186,134
2016,1193,13,19,879,1581,1047,1421,-168,160
2016,1194,24,7,1520,525,1851,460,-331,65
2016,1195,13,16,895,1297,1005,1108,-110,189
2016,1196,14,19,939,1490,1053,1210,-114,280
2016,1197,21,6,1240,450,1556,433,-316,17
2016,1198,19,11,1319,820,1466,686,-147,134
2016,1199,13,19,953,1546,1077,1284,-124,262
2016,1200,13,16,816,1248,989,1013,-173,235
2016,1201,9,23,611,1777,698,1579,-87,198
2016,1202,15,16,969,1195,1106,1006,-137,189
2016,1203,10,23,687,1796,773,1495,-86,301
2016,1204,17,12,1183,950,1383,823,-200,127
2016,1205,16,14,1091,1052,1299,933,-208,119
2016,1206,21,11,1337,803,1616,697,-279,106
2016,1207,18,15,1278,1152,1414,956,-136,196
2016,1208,13,19,884,1359,1025,1183,-141,176
2016,1209,14,14,869,952,1006,832,-137,120
2016,1210,14,19,908,1509,1022,1323,-114,186
2016,1211,7,25,443,2101,472,1664,-29,437
2016,1212,24,4,1365,296,1693,280,-328,16
2016,1213,6,23,400,1798,498,1487,-98,311
2016,1214,10,20,673,1576,847,1375,-174,201
2016,1216,23,9,1539,728,1892,650,-353,78
2016,1217,16,12,974,895,1128,761,-154,134
2016,1218,5,25,362,1952,395,1595,-33,357
2016,1219,10,18,687,1420,745,1232,-58,188
2016,1220,9,23,664,1841,719,1644,-55,197
2016,1221,19,14,1168,988,1425,874,-257,114
2016,1222,9,22,575,1839,650,1485,-75,354
2016,1223,16,13,1100,1017,1367,900,-267,117
2016,1224,20,10,1341,766,1591,699,-250,67
2016,1225,12,19,752,1343,862,1210,-110,133
2016,1226,15,14,1001,1110,1237,961,-236,149
2016,1227,25,3,1617,215,2010,206,-393,9
2016,1228,19,15,1238,1214,1480,1062,-242,152
2016,1229,14,17,902,1174,1052,999,-150,175
2016,1230,11,14,696,1085,891,965,-195,120
2016,1231,7,25,501,2132,558,1647,-57,485
2016,1232,17,14,1081,1014,1304,858,-223,156
2016,1233,10,22,772,1775,871,1486,-99,289
2016,1234,10,21,709,1712,755,1375,-46,337
2016,1235,11,21,894,1725,955,1444,-61,281
2016,1236,9,22,610,1825,726,1632,-116,193
2016,1237,19,12,1175,920,1450,830,-275,90
2016,1238,15,17,945,1206,1104,1011,-159,195
2016,1239,16,12,1149,946,1316,870,-167,76
2016,1240,23,6,1470,453,1704,402,-234,51
2016,1241,11,20,775,1524,849,1274,-74,250
2016,1242,4,29,275,2375,324,1907,-49,468
2016,1243,16,17,1058,1276,1221,1030,-163,246
2016,1244,20,9,1324,743,1643,626,-319,117
2016,1245,13,18,878,1379,1020,1239,-142,140
2016,1246,8,26,581,2128,648,1673,-67,455
2016,1247,22,8,1300,606,1687,541,-387,65
2016,1248,24,6,1653,489,1952,460,-299,29
2016,1249,19,7,1332,567,1574,479,-242,88
2016,1250,15,16,976,1208,1131,1029,-155,179
2016,1251,19,10,1132,698,1373,651,-241,47
2016,1252,21,10,1569,842,1798,769,-229,73
2016,1253,14,18,994,1339,1148,1196,-154,143
2016,1254,15,16,1082,1280,1221,1165,-139,115
2016,1255,23,7,1604,545,1845,492,-241,53
2016,1256,9,21,627,1737,735,1490,-108,247
2016,1257,8,23,491,1833,559,1336,-68,497
2016,1258,17,13,1091,1031,1322,935,-231,96
2016,1259,21,9,1406,684,1650,610,-244,74
2016,1260,17,14,1001,974,1183,848,-182,126
2016,1261,14,19,970,1632,1133,1410,-163,222
2016,1262,18,10,1225,892,1488,837,-263,55
2016,1263,22,8,1555,724,1940,666,-385,58
2016,1264,18,13,1136,997,1372,896,-236,101
2016,1265,23,7,1583,562,1853,507,-270,55
2016,1266,13,20,895,1622,1057,1391,-162,231
2016,1267,16,17,1275,1563,1453,1348,-178,215
2016,1268,8,24,535,1882,598,1527,-63,355
2016,1269,18,14,1225,1128,1452,975,-227,153
2016,1270,19,7,1310,546,1563,514,-253,32
2016,1271,22,9,1376,687,1701,612,-325,75
2016,1272,15,19,1085,1518,1206,1184,-121,334
2016,1273,14,17,952,1259,1070,1087,-118,172
2016,1274,7,25,470,1950,551,1587,-81,363
2016,1275,20,12,1245,776,1501,701,-256,75
2016,1276,12,21,794,1662,957,1293,-163,369
2016,1277,5,29,357,2355,390,1765,-33,590
2016,1278,23,8,1488,620,1762,532,-274,88
2016,1279,12,20,820,1585,934,1372,-114,213
2016,1280,17,14,1212,1111,1354,902,-142,209
2016,1281,21,10,1337,789,1639,623,-302,166
2016,1282,19,9,1247,688,1460,589,-213,99
2016,1283,19,12,1204,872,1482,783,-278,89
2016,1284,7,27,544,2156,601,1836,-57,320
2016,1285,11,18,665,1429,793,1190,-128,239
2016,1286,17,13,1218,1061,1393,933,-175,128
2016,1287,12,17,834,1217,922,1045,-88,172
2016,1288,22,8,1435,588,1690,471,-255,117
2016,1290,27,8,1725,568,2184,520,-459,48
2016,1291,19,14,1197,1021,1449,833,-252,188
2016,1292,9,22,579,1663,655,1460,-76,203
2016,1293,14,15,934,1072,1056,907,-122,165
2016,1294,21,8,1474,642,1756,598,-282,44
2016,1295,13,18,859,1238,979,1054,-120,184
2016,1296,12,17,796,1241,914,1094,-118,147
2016,1297,21,7,1363,582,1629,489,-266,93
2016,1298,14,18,879,1275,1014,1074,-135,201
2016,1299,21,10,1349,733,1674,665,-325,68
2016,1300,19,10,1223,734,1435,608,-212,126
2016,1301,17,16,1215,1267,1361,1095,-146,172
2016,1303,13,16,1018,1414,1092,1278,-74,136
2016,1304,18,16,1179,1277,1374,971,-195,306
2016,1305,13,17,868,1288,1011,1149,-143,139
2016,1306,12,17,716,1305,897,1156,-181,149
2016,1307,15,17,1058,1374,1226,1122,-168,252
2016,1308,10,21,603,1599,703,1269,-100,330
2016,1309,20,7,1403,575,1641,500,-238,75
2016,1310,25,7,1580,487,1842,462,-262,25
2016,1311,23,8,1454,595,1870,534,-416,61
2016,1312,14,16,980,1270,1153,1097,-173,173
2016,1313,16,15,1057,1234,1249,1036,-192,198
2016,1314,6,28,437,2360,459,1906,-22,454
2016,1315,15,14,979,1152,1146,945,-167,207
2016,1316,11,19,818,1684,992,1403,-174,281
2016,1317,20,10,1398,766,1687,675,-289,91
2016,1318,15,17,1039,1246,1161,1116,-122,130
2016,1319,25,3,1657,226,2115,201,-458,25
2016,1320,12,21,740,1489,862,1214,-122,275
2016,1321,12,20,732,1572,886,1225,-154,347
2016,1322,19,5,1406,438,1710,376,-304,62
2016,1323,11,21,713,1710,833,1426,-120,284
2016,1324,11,21,872,1890,960,1565,-88,325
2016,1325,11,20,812,1603,939,1375,-127,228
2016,1326,13,20,841,1483,1033,1211,-192,272
2016,1328,7,25,517,2056,557,1697,-40,359
2016,1329,20,12,1238,890,1426,722,-188,168
2016,1330,13,22,805,1592,902,1262,-97,330
2016,1331,17,12,1252,904,1439,812,-187,92
2016,1332,6,27,420,2172,474,1816,-54,356
2016,1333,12,18,797,1363,932,1185,-135,178
2016,1334,20,6,1345,436,1527,408,-182,28
2016,1335,17,10,1077,761,1302,645,-225,116
2016,1336,16,16,978,1129,1218,1010,-240,119
2016,1337,13,17,887,1299,1009,1150,-122,149
2016,1338,11,20,649,1700,779,1351,-130,349
2016,1339,20,11,1474,911,1709,762,-235,149
2016,1340,18,11,1271,932,1444,823,-173,109
2016,1341,24,7,1399,474,1774,428,-375,46
2016,1342,20,8,1211,604,1492,558,-281,46
2016,1343,6,21,398,1715,463,1396,-65,319
2016,1344,10,23,683,1758,774,1527,-91,231
2016,1345,8,26,524,2119,587,1609,-63,510
2016,1346,21,9,1347,622,1579,552,-232,70
2016,1347,15,14,1029,1046,1158,967,-129,79
2016,1348,15,17,932,1288,1034,1038,-102,250
2016,1349,20,10,1421,846,1676,774,-255,72
2016,1350,16,16,1124,1326,1283,1080,-159,246
2016,1351,20,13,1201,976,1393,830,-192,146
2016,1352,22,10,1380,702,1648,619,-268,83
2016,1353,25,6,1614,480,2117,395,-503,85
2016,1354,14,17,889,1323,1075,1189,-186,134
2016,1355,7,24,514,1836,571,1561,-57,275
2016,1356,10,22,629,1731,753,1476,-124,255
2016,1357,18,12,1265,952,1496,840,-231,112
2016,1358,14,15,894,1195,1058,1014,-164,181
2016,1359,19,12,1263,979,1437,850,-174,129
2016,1360,21,8,1196,555,1534,484,-338,71
2016,1361,9,23,502,1669,569,1366,-67,303
2016,1362,15,14,1116,1113,1325,969,-209,144
2016,1363,22,6,1467,410,1724,353,-257,57
2016,1364,13,17,849,1280,993,1053,-144,227
2016,1365,20,10,1281,729,1547,659,-266,70
2016,1366,15,14,842,921,1139,812,-297,109
2016,1367,21,7,1434,543,1724,516,-290,27
2016,1368,21,10,1361,806,1655,700,-294,106
2016,1369,24,3,1562,204,1922,185,-360,19
2016,1370,16,12,968,828,1197,723,-229,105
2016,1371,8,25,571,1899,628,1609,-57,290
2016,1372,5,23,313,1914,383,1416,-70,498
2016,1373,12,21,887,1692,1003,1405,-116,287
2016,1374,5,25,341,1978,371,1532,-30,446
2016,1375,19,12,1218,899,1486,822,-268,77
2016,1376,8,23,498,1853,588,1564,-90,289
2016,1377,18,12,1266,1012,1493,926,-227,86
2016,1378,25,8,1503,582,1848,504,-345,78
2016,1379,20,7,1214,508,1464,445,-250,63
2016,1380,12,19,792,1416,929,1221,-137,195
2016,1381,24,4,1620,315,2025,278,-405,37
2016,1382,8,22,612,1722,666,1519,-54,203
2016,1383,17,14,1012,990,1221,843,-209,147
2016,1384,17,12,1097,910,1314,795,-217,115
2016,1385,24,7,1597,477,1973,406,-376,71
2016,1386,7,27,543,2095,603,1774,-60,321
2016,1387,21,11,1245,861,1555,750,-310,111
2016,1388,5,26,320,1997,354,1541,-34,456
2016,1389,16,14,993,973,1152,835,-159,138
2016,1390,15,14,926,1079,1143,930,-217,149
2016,1391,22,8,1656,681,1923,607,-267,74
2016,1392,6,24,393,1871,465,1491,-72,380
2016,1393,13,19,849,1398,959,1144,-110,254
2016,1394,7,23,419,1765,514,1576,-95,189
2016,1395,21,12,1338,871,1652,707,-314,164
2016,1396,11,21,689,1508,823,1335,-134,173
2016,1397,19,15,1332,1222,1538,1018,-206,204
2016,1398,10,18,701,1350,777,1168,-76,182
2016,1399,11,17,758,1398,922,1205,-164,193
2016,1400,12,20,796,1487,913,1265,-117,222
2016,1401,8,26,540,2041,594,1634,-54,407
2016,1402,16,13,948,922,1117,784,-169,138
2016,1403,12,19,779,1465,903,1262,-124,203
2016,1404,14,17,886,1307,1074,1147,-188,160
2016,1405,15,16,1026,1360,1130,1091,-104,269
2016,1406,12,18,711,1399,836,1209,-125,190
2016,1407,22,7,1474,489,1726,444,-252,45
2016,1408,22,12,1355,885,1634,764,-279,121
2016,1409,11,20,767,1527,870,1290,-103,237
2016,1410,22,5,1358,392,1770,348,-412,44
2016,1411,14,18,941,1389,1109,1136,-168,253
2016,1412,6,25,424,1987,471,1712,-47,275
2016,1413,19,9,1144,620,1323,562,-179,58
2016,1414,9,23,551,1712,674,1442,-123,270
2016,1415,19,12,1212,892,1395,789,-183,103
2016,1416,18,12,1130,932,1348,799,-218,133
2016,1417,17,15,1272,1208,1434,1021,-162,187
2016,1418,14,15,992,1258,1126,1009,-134,249
2016,1419,13,18,789,1436,952,1231,-163,205
2016,1420,25,7,1740,567,2076,503,-336,64
2016,1421,11,20,787,1522,850,1290,-63,232
2016,1422,18,11,1209,873,1403,764,-194,109
2016,1423,7,23,483,1859,532,1619,-49,240
2016,1424,15,16,1022,1359,1152,1157,-130,202
2016,1425,12,21,867,1801,998,1469,-131,332
2016,1426,10,22,716,1813,805,1450,-89,363
2016,1427,26,4,1845,312,2268,279,-423,33
2016,1428,8,25,493,2031,610,1667,-117,364
2016,1429,15,14,995,1123,1159,941,-164,182
2016,1430,18,9,1221,778,1487,674,-266,104
2016,1431,14,18,950,1508,1104,1318,-154,190
2016,1433,10,24,684,1941,747,1541,-63,400
2016,1434,6,24,427,1831,460,1449,-33,382
2016,1435,13,19,883,1573,979,1176,-96,397
2016,1436,13,20,887,1579,1058,1302,-171,277
2016,1437,5,29,356,2261,405,1761,-49,500
2016,1438,7,26,442,1880,468,1501,-26,379
2016,1439,14,19,966,1495,1141,1238,-175,257
2016,1440,21,6,1291,523,1618,461,-327,62
2016,1441,17,13,1110,1029,1324,917,-214,112
2016,1442,17,7,1111,536,1308,456,-197,80
2016,1443,16,16,1157,1273,1307,1136,-150,137
2016,1444,19,11,1256,900,1417,803,-161,97
2016,1447,10,21,650,1523,741,1247,-91,276
2016,1448,20,11,1416,879,1646,804,-230,75
2016,1449,14,18,1065,1603,1196,1357,-131,246
2016,1450,22,8,1449,664,1790,547,-341,117
2016,1451,8,23,552,1758,593,1529,-41,229
2016,1452,8,26,518,2175,601,1664,-83,511
2016,1453,12,21,977,1769,1112,1545,-135,224
2016,1454,13,18,966,1442,1033,1223,-67,219
2016,1455,8,23,488,1779,545,1297,-57,482
2016,1456,11,18,784,1421,879,1202,-95,219
2016,1457,9,20,663,1665,742,1462,-79,203
2016,1458,12,20,731,1473,813,1253,-82,220
2016,1459,17,13,1076,1045,1252,911,-176,134
2016,1460,13,20,796,1469,973,1228,-177,241
2016,1461,18,12,1229,881,1393,780,-164,101
2016,1462,5,27,356,2247,423,1850,-67,397
2016,1463,6,21,368,1643,451,1264,-83,379
2016,1464,21,9,1496,773,1882,687,-386,86
